"Id" "Survey" "Country" "Aa" "Ab" "Ac" "Ad" "Ae" "Af" "ST01" "SU02" "D03" "ST04" "SU05" "D06" "D07" "SU08" "ST09" "SU10" "D11" "ST12" "SU13" "D14" "D15" "SU16" "ST17" "SU18" "D19" "ST20" "SU21" "D22" "D23" "SU24" "ST25" "SU26" "D27" "ST28" "SU29" "D30" "D31" "SU32" "Ca" "Cb" "Cc" "Cd" "Ce" "Cf" "Cg" "Ch" "Da" "Db" "Dc" "Dd" "De" "Df" "Dg" "Dh" "Di" "Dj" "Age" "Gender" "Years" "Courses" "Hours" "Degree" "Lar" "Lat" "d_sm" "d_ri" "d_ue" "su_lp" "su_um" "su_sb" "st_os" "st_tm" "Deep" "Surf" "Stra" "Deep_adj" "Surf_adj" "Stra_adj" "Su_Ti" "D_Su" "StatConf" "Value" "Interest" "MathConf" "Affect" "Attitude" "FSVdeep" "FSVstra" "FSVsurf" "FSOdeep" "FSOstra" "FSOsurf" "Points" "Fails"
"1" 255 2014 6 3 1 2 1 1 1 4 2 4 4 2 4 4 3 3 2 3 3 3 4 3 2 3 2 4 2 3 3 2 2 4 4 4 4 3 4 4 3 2 4 3 4 3 2 3 4 3 4 4 5 4 2 4 3 4 4 53 2 36 2 20 2 6 3 15 15 13 10 11 10 14 13 43 31 27 3.58333325386047 2.58333325386047 3.375 13 12 5 8 8 9 7 37 -0.405394196510315 0.454818725585938 -0.708878219127655 -0.294191151857376 0.451454877853394 -0.664692580699921 25 0
"2" 62 2014 6 2 2 2 2 1 1 4 2 4 4 4 2 3 4 4 1 4 1 3 2 3 4 4 2 3 1 2 2 3 4 2 4 2 2 3 3 4 5 4 4 4 5 5 3 2 4 4 3 3 4 3 2 3 3 2 4 55 1 34 1 20 1 6 4 13 10 12 9 12 17 14 8 35 38 22 2.91666674613953 3.16666674613953 2.75 18 13 6 7 6 6 6 31 -1.02204120159149 -0.356176227331162 1.04403007030487 -1.14509677886963 -0.437079161405563 1.15162706375122 12 0
"3" 101 2014 6 4 1 1 1 1 1 3 1 4 4 2 3 4 1 3 1 4 4 2 4 2 3 3 1 4 3 2 4 3 3 4 4 3 5 2 4 3 5 3 5 4 4 3 4 4 2 1 4 4 1 4 1 3 1 1 5 49 2 1 3 16 1 6 3 15 16 11 7 8 12 13 16 42 27 29 3.5 2.25 3.625 12 17 2 9 8 2 4 25 -0.474810659885406 0.997893154621124 -0.70745849609375 -0.313284665346146 1.00096571445465 -0.658883571624756 24 0
"4" 301 2014 6 4 2 3 2 1 1 3 3 4 4 3 4 4 2 3 1 3 3 2 4 3 2 3 1 3 3 3 3 3 2 3 2 3 3 3 4 4 3 3 4 4 4 3 4 4 3 2 4 5 2 5 1 5 4 2 5 53 1 NA NA 4 1 9 4 13 15 14 7 11 9 12 13 42 27 25 3.5 2.25 3.125 13 16 3 9 10 4 9 35 -0.450439780950546 0.227141812443733 -1.04086494445801 -0.313824504613876 0.214566946029663 -0.98044741153717 10 3
"5" 262 2014 6 3 2 2 1 2 1 4 2 5 3 4 4 4 3 4 2 4 2 3 4 3 3 4 1 4 3 2 3 3 4 4 3 3 5 3 3 4 4 2 4 4 3 3 3 4 4 3 4 4 4 4 2 5 5 3 3 49 1 22 3 14 2 6 5 16 14 14 8 12 14 16 13 44 34 29 3.66666674613953 2.83333325386047 3.625 12 15 5 7 8 7 10 37 0.038677375763655 0.847947061061859 0.535022914409637 0.044373754411936 0.867166221141815 0.515603601932526 22 0
"6" 29 2014 6 4 2 1 1 1 1 4 3 5 4 3 5 5 4 4 1 5 3 1 5 4 2 3 2 4 3 4 5 4 2 4 2 5 4 2 5 5 3 3 5 4 4 3 4 5 4 3 5 4 4 4 3 4 3 3 5 38 2 5 2 14 2 6 4 19 20 18 8 10 11 15 14 57 29 29 4.75 2.41666674613953 3.625 14 18 6 10 8 7 7 38 1.60734605789185 0.625882923603058 -0.768175065517426 1.71884429454803 0.735809087753296 -0.925368547439575 21 0
"7" 157 2014 6 4 1 2 2 1 1 5 2 4 2 2 3 4 4 2 1 5 2 1 5 2 3 4 1 4 1 1 4 3 2 1 1 4 1 1 4 4 4 4 5 4 4 4 5 5 3 2 4 4 5 5 1 4 4 2 4 50 1 20 1 10 1 8 3 17 17 12 5 5 13 12 6 46 23 18 3.83333325386047 1.91666662693024 2.25 15 19 3 8 9 7 8 35 0.467806607484818 -1.09462487697601 -0.894018113613129 0.49638557434082 -1.06382811069489 -0.919416606426239 21 1
"8" 104 2014 6 3 1 2 1 1 1 4 2 4 5 4 3 4 2 4 2 3 4 2 4 2 3 3 2 4 4 3 2 2 4 4 4 4 4 2 3 4 4 2 4 4 5 3 3 3 3 2 4 4 3 4 1 4 1 1 5 37 2 1 3 34 1 6 3 15 13 11 10 11 13 15 17 39 34 32 3.25 2.83333325386047 4 13 14 3 9 8 4 5 29 -0.653653502464294 1.33179891109467 0.343972355127335 -0.596960306167603 1.28480112552643 0.389943897724152 31 0
"9" 302 2014 6 2 1 2 1 1 1 4 1 5 5 2 4 5 4 4 1 4 4 1 4 3 4 4 1 5 4 2 4 4 2 4 4 5 5 1 4 5 3 3 5 4 5 3 3 5 5 4 2 4 5 4 4 5 4 4 2 37 1 NA NA 32 1 5 3 19 17 16 7 6 13 16 18 52 26 34 4.33333349227905 2.16666674613953 4.25 16 17 8 4 8 9 9 38 0.782971560955048 1.4590357542038 -0.7424595952034 0.96551114320755 1.52078306674957 -0.843619227409363 24 0
"10" 74 2014 6 3 2 1 1 1 2 4 2 4 4 4 4 4 2 4 2 4 4 2 4 4 4 4 2 4 2 4 4 4 4 4 4 4 2 2 4 4 4 2 4 4 5 4 4 4 4 1 4 4 2 2 1 1 1 1 4 42 2 1 2 18 1 5 5 16 16 16 10 12 14 16 12 48 36 28 4 3 3.5 15 16 2 8 6 3 2 21 0.400906711816788 0.421057760715485 0.685157418251038 0.33252027630806 0.422199010848999 0.627466678619385 26 0
"11" 303 2014 6 2 2 2 2 2 2 4 2 4 4 4 4 4 2 4 2 4 4 3 4 3 3 3 2 3 3 2 3 4 4 3 2 3 4 2 3 4 4 3 3 4 4 4 3 3 3 3 4 5 4 4 4 4 4 3 4 37 1 NA NA 24 1 6 6 14 14 15 8 11 13 14 15 43 32 29 3.58333325386047 2.66666674613953 3.625 14 13 7 8 9 7 8 39 -0.18771567940712 0.930868625640869 0.207606181502342 -0.144009038805962 0.920170962810516 0.207136452198029 31 0
"12" 136 2014 6 5 1 2 1 1 1 5 1 4 5 3 4 4 1 5 2 4 4 1 4 4 4 5 1 3 4 2 3 3 4 5 4 5 5 1 3 5 5 3 4 5 3 5 3 4 3 3 4 4 5 4 2 3 5 4 4 34 2 16 7 16 2 8 3 16 14 16 8 7 14 20 18 46 29 38 3.83333325386047 2.41666674613953 4.75 14 16 5 8 8 9 8 38 0.139268592000008 2.04135060310364 0.263204604387283 0.246734589338303 2.04377102851868 0.214878767728806 31 0
"13" 304 2014 6 4 1 3 1 1 2 5 2 5 4 2 4 5 1 4 2 5 4 2 5 4 1 3 2 4 3 2 4 4 2 4 4 4 2 3 3 4 4 3 5 5 3 4 4 4 3 2 4 3 1 4 1 2 2 1 4 34 2 NA NA 22 1 8 4 18 17 16 10 9 8 16 13 51 27 29 4.25 2.25 3.625 13 18 3 8 7 2 4 24 1.08957886695862 0.481138467788696 -0.690123617649078 1.20205116271973 0.53351765871048 -0.785256624221802 23 0
"14" 305 2014 6 2 1 3 1 1 1 4 4 3 3 2 4 4 2 4 1 2 3 2 4 2 3 4 2 4 2 4 4 2 4 4 4 2 4 3 5 4 2 2 5 2 3 3 4 5 4 2 5 5 2 4 1 3 2 1 5 34 2 NA NA 20 1 6 3 11 17 12 11 11 11 16 12 40 33 28 3.33333325386047 2.75 3.5 12 16 3 10 9 3 5 30 -0.96002984046936 0.481348693370819 -0.35610643029213 -0.905974328517914 0.450700283050537 -0.280256301164627 25 0
"15" 306 2014 6 4 1 1 1 1 1 3 1 5 2 2 4 4 4 2 1 4 1 2 4 4 2 3 2 5 1 2 5 2 2 1 4 3 1 2 5 5 4 3 1 3 4 2 4 2 4 2 2 4 1 2 5 2 3 1 4 35 1 NA NA 18 1 6 3 17 18 15 8 8 12 9 5 50 28 14 4.16666650772095 2.33333325386047 1.75 13 10 7 6 6 2 5 26 0.711043119430542 -1.67350244522095 -0.860527634620667 0.688537180423737 -1.61446034908295 -0.903301656246185 21 0
"16" 196 2014 6 1 1 1 1 1 1 5 2 4 4 4 3 3 3 2 2 3 3 4 3 3 2 3 1 3 2 2 3 3 2 3 3 3 3 3 3 3 4 5 3 4 5 5 4 3 5 2 2 4 1 4 2 3 1 1 5 46 2 2 5 16 2 3 3 13 12 12 8 13 11 13 12 37 32 25 3.08333325386047 2.66666674613953 3.125 20 14 4 7 8 2 4 25 -1.00979018211365 0.191566333174706 -0.359348267316818 -0.947653770446777 0.136730164289474 -0.230944082140923 0 3
"17" 88 2014 6 4 2 3 2 1 1 3 2 4 5 2 4 3 2 5 2 4 3 3 4 4 3 2 1 3 4 1 4 4 3 5 4 4 4 2 2 4 3 3 4 4 2 3 2 4 3 4 4 4 5 4 2 4 5 5 4 33 2 15 3 4 1 9 4 15 13 16 9 8 11 15 16 44 28 31 3.66666674613953 2.33333325386047 3.875 11 14 6 8 8 10 9 41 -0.354640305042267 1.10342001914978 -0.683293759822845 -0.194231450557709 1.09024405479431 -0.672218382358551 31 0
"18" 154 2014 6 3 1 1 1 1 1 3 2 5 2 3 4 5 4 1 3 4 1 2 5 3 4 1 3 3 1 1 5 5 3 1 5 2 1 2 4 4 3 3 5 3 3 4 3 5 3 2 4 3 4 3 1 3 1 1 4 32 2 11 4 10 2 5 3 14 19 16 13 8 14 6 5 49 35 11 4.08333349227905 2.91666674613953 1.375 13 16 3 8 6 5 4 26 0.723727881908417 -1.98691403865814 -0.140074357390404 0.574988901615143 -1.93386912345886 -0.227515488862991 20 0
"19" 214 2014 6 3 2 2 1 1 1 4 2 5 4 2 4 4 2 4 2 4 2 3 4 4 3 3 3 4 3 1 2 1 3 3 4 4 3 3 2 4 2 2 4 4 3 2 2 3 4 2 3 4 2 3 2 3 3 2 2 44 2 7 2 22 1 6 4 17 12 13 11 9 10 14 12 42 30 26 3.5 2.5 3.25 11 13 4 5 7 4 6 26 -0.168932050466537 0.21960674226284 -0.204854875802994 -0.107889294624329 0.207008957862854 -0.214075654745102 22 0
"20" 123 2014 6 2 1 1 1 1 1 4 3 4 4 4 3 4 4 2 4 4 3 4 4 4 4 3 1 4 2 4 4 5 4 4 5 4 2 4 4 5 4 2 5 4 4 4 4 3 4 1 2 2 2 2 1 2 1 1 3 29 1 1 5 20 1 4 3 16 16 17 13 16 16 13 11 49 45 24 4.08333349227905 3.75 3 14 16 2 5 4 3 3 17 0.48202919960022 -0.171593502163887 1.33119106292725 0.287232100963593 -0.166681215167046 1.26064467430115 9 3
"21" 94 2014 6 3 1 2 1 1 1 4 3 5 5 2 4 5 4 4 1 4 4 2 4 4 2 2 2 4 4 2 4 4 3 4 4 4 3 4 4 2 4 4 5 4 4 4 4 5 3 2 4 4 2 4 1 4 1 1 4 30 2 10 3 18 1 6 3 17 17 14 10 10 13 14 16 48 33 30 4 2.75 3.75 15 18 3 8 8 3 5 27 0.501629233360291 0.682927370071411 -0.3494873046875 0.580902695655823 0.707021713256836 -0.40370836853981 24 0
"22" 162 2014 6 4 4 4 4 4 4 3 2 4 3 2 4 4 4 3 2 4 2 1 4 3 2 3 1 4 2 1 4 4 3 3 4 4 2 2 4 4 4 3 4 4 3 4 3 4 4 4 4 4 4 4 3 4 5 3 4 27 1 10 5 6 2 12 12 16 16 15 9 6 13 12 9 47 28 21 3.91666674613953 2.33333325386047 2.625 14 15 7 8 8 7 9 39 0.212749168276787 -0.550707280635834 -0.613669097423553 0.236455634236336 -0.529370665550232 -0.6302610039711 28 0
"23" 236 2014 6 3 2 2 2 1 2 4 2 4 2 3 4 4 4 2 1 4 3 2 4 4 3 2 1 4 2 4 4 4 2 2 2 4 2 2 4 4 3 3 5 4 3 2 4 3 3 3 4 4 3 4 2 3 4 3 4 29 1 8 2 14 1 7 5 16 16 16 6 11 12 10 9 48 29 19 4 2.41666674613953 2.375 11 16 5 8 8 6 7 34 0.262116014957428 -0.67744642496109 -0.854434967041016 0.307192325592041 -0.646899402141571 -0.870148479938507 30 0
"24" 307 2014 6 4 1 2 1 1 1 5 4 5 5 1 3 4 3 4 2 5 3 2 5 4 3 2 3 5 4 3 4 2 3 2 5 4 4 3 3 4 4 2 5 3 4 5 3 5 3 2 4 4 2 3 1 3 2 2 4 31 2 NA NA 18 1 7 3 19 16 13 14 9 13 13 16 48 36 29 4 3 3.625 14 16 3 8 7 4 5 27 0.713734984397888 0.666575908660889 0.085611969232559 0.756009221076965 0.703862249851227 -0.000205562289921 24 0
"25" 215 2014 6 3 2 2 1 1 1 4 4 5 3 2 3 4 2 2 1 5 4 2 4 2 2 5 1 4 1 4 5 3 1 1 4 2 2 2 3 4 4 5 5 5 3 5 2 3 4 3 2 4 2 3 1 3 1 1 3 37 2 2 1 16 1 6 4 16 16 12 10 10 9 12 10 44 29 22 3.66666674613953 2.41666674613953 2.75 17 15 4 5 7 3 4 23 0.318731248378754 -0.4251309633255 -0.72643107175827 0.385699301958084 -0.398336052894592 -0.706806898117065 9 3
"26" 308 2014 6 2 2 1 1 1 1 2 2 5 2 2 4 4 4 4 1 4 1 5 4 2 4 2 1 4 1 2 2 4 2 1 5 3 1 2 4 4 4 1 4 2 5 4 2 4 2 2 5 5 5 5 2 4 2 2 5 26 2 NA NA 10 2 4 4 16 14 14 9 11 14 9 5 44 34 14 3.66666674613953 2.83333325386047 1.75 12 12 4 10 10 7 6 37 -0.038766153156757 -1.35367119312286 -0.056292172521353 -0.106287330389023 -1.3571275472641 -0.051223900169134 26 0
"27" 251 2014 6 3 1 2 1 1 1 3 4 5 3 3 5 5 2 4 2 5 3 3 5 2 5 4 2 5 3 1 3 5 5 3 3 5 3 3 3 5 5 3 5 5 3 5 2 3 4 4 5 5 5 5 2 4 5 4 5 26 2 8 2 14 2 6 3 20 16 17 11 10 17 14 12 53 38 26 4.41666650772095 3.16666674613953 3.25 15 15 6 10 10 9 9 44 1.39421999454498 0.378741919994354 1.51323306560516 1.23355138301849 0.438116908073425 1.32716500759125 32 0
"28" 226 2014 6 2 2 1 1 1 1 5 4 5 4 4 4 4 1 4 4 4 4 3 4 2 4 3 1 4 4 2 4 4 4 5 4 4 3 1 4 4 4 4 5 5 4 4 4 5 4 4 5 5 4 5 2 4 3 4 5 30 1 9 3 30 1 4 4 17 16 14 13 10 13 17 15 47 36 32 3.91666674613953 3 4 16 19 6 10 10 8 7 41 0.390756160020828 1.0098340511322 0.696591734886169 0.371914654970169 1.0151184797287 0.625940024852753 32 0
"29" 309 2014 6 4 2 3 1 2 2 4 4 5 3 1 3 3 2 1 1 4 3 1 4 4 2 2 1 4 1 1 4 3 2 1 5 3 2 3 5 4 3 3 4 3 3 3 3 4 2 1 4 3 3 3 1 3 2 1 3 37 2 NA NA 4 1 8 6 16 16 14 11 6 9 8 9 46 26 17 3.83333325386047 2.16666674613953 2.125 11 14 2 7 6 4 5 24 0.099622189998627 -1.12076723575592 -1.31236982345581 0.184626162052155 -1.09399318695068 -1.30760192871094 0 3
"30" 238 2014 6 3 1 2 1 1 1 4 1 5 4 2 4 4 2 4 2 3 2 2 4 3 1 2 1 3 5 3 3 3 2 4 2 4 4 2 4 5 4 4 5 4 3 4 3 3 4 4 4 3 5 4 4 2 1 5 5 33 2 1 5 14 1 6 3 15 15 15 6 9 9 14 15 45 24 29 3.75 2 3.625 15 15 8 9 7 10 3 37 -0.05656661465764 0.845716238021851 -1.37059950828552 0.166057094931602 0.862449824810028 -1.35922229290009 33 0
"31" 224 2014 6 2 2 3 2 1 3 3 4 4 3 4 4 3 1 3 3 3 2 4 4 3 4 4 3 4 2 4 3 2 3 4 5 2 2 3 3 4 4 4 4 3 4 5 1 2 5 1 3 3 4 3 1 3 2 2 3 33 2 4 1 16 1 7 6 13 13 13 15 15 12 14 9 39 42 23 3.25 3.5 2.875 18 10 2 6 6 6 5 25 -0.694572865962982 -0.294491946697235 0.902166366577148 -0.819628238677979 -0.342166781425476 0.979481339454651 29 0
"32" 271 2014 6 2 4 2 2 1 2 4 4 4 3 3 5 4 2 4 4 5 2 4 4 2 5 5 3 4 2 2 3 4 5 2 5 2 2 3 2 4 5 5 4 5 3 5 4 4 4 4 3 4 2 4 2 4 2 2 3 28 1 7 2 10 2 6 7 15 13 15 16 12 17 15 9 43 45 24 3.58333325386047 3.75 3 17 17 6 6 8 4 6 30 0.201319575309753 -0.158516421914101 2.15060353279114 -0.056633219122887 -0.180476397275925 2.10014176368713 30 0
"33" 310 2014 6 1 1 1 1 1 1 2 4 5 2 4 5 5 1 4 1 5 1 1 5 5 1 1 4 4 1 5 5 5 1 1 1 5 1 2 5 5 5 5 5 5 5 5 5 5 5 1 5 5 4 5 1 4 3 1 5 26 1 NA NA 14 2 3 3 19 20 20 10 12 8 8 5 59 30 13 4.91666650772095 2.5 1.625 20 20 2 10 10 5 7 34 2.02965521812439 -1.36730921268463 -0.816249668598175 2.00012731552124 -1.24547922611237 -0.962465286254883 19 0
"34" 311 2014 6 4 1 1 1 1 1 5 2 5 2 2 4 4 2 4 1 3 4 2 5 2 1 4 1 4 1 2 4 3 2 4 4 2 2 2 3 4 4 4 5 4 4 4 2 5 4 3 4 4 4 4 1 4 4 2 2 27 2 NA NA 4 1 6 3 14 16 13 8 8 9 17 9 43 25 26 3.58333325386047 2.08333325386047 3.25 16 16 4 6 8 6 8 32 -0.017093397676945 0.020100751891732 -0.999324142932892 0.100570559501648 0.033881567418575 -0.969208121299744 23 0
"35" 126 2014 6 3 2 2 1 2 3 4 1 3 4 2 3 4 2 2 3 3 4 3 4 2 2 3 1 3 3 2 3 3 3 4 5 2 4 2 3 2 3 3 4 3 3 4 2 3 2 2 3 2 1 2 1 2 2 1 4 25 2 1 4 14 1 6 7 11 14 10 10 9 10 13 15 35 29 28 2.91666674613953 2.41666674613953 3.5 12 12 3 7 4 2 4 20 -1.49002456665039 0.654399037361145 -0.826273918151855 -1.34098422527313 0.591256141662598 -0.685214281082153 19 2
"36" 25 2014 6 4 3 1 1 1 1 4 2 4 4 2 4 3 3 3 1 4 3 3 4 4 3 3 1 4 3 3 3 3 3 2 4 3 2 2 4 4 4 3 5 4 2 4 4 4 4 2 4 4 1 2 1 2 2 1 5 31 2 1 5 20 1 6 5 15 14 15 8 10 13 12 12 44 31 24 3.66666674613953 2.58333325386047 3 13 17 3 9 6 2 4 24 -0.193301722407341 -0.110282577574253 -0.308751881122589 -0.151749953627586 -0.128239452838898 -0.293580114841461 12 2
"37" 257 2014 6 2 5 4 5 5 4 4 1 5 4 2 4 5 2 3 1 5 3 1 4 4 1 3 1 4 3 1 4 5 1 4 3 4 2 2 5 5 3 3 5 3 2 3 4 5 3 3 4 5 4 5 3 4 5 4 5 20 1 1 3 4 1 11 14 18 18 18 6 6 7 14 12 54 19 26 4.5 1.58333337306976 3.25 11 17 6 9 10 8 9 42 1.1163866519928 0.035743448883295 -1.74557328224182 1.32732892036438 0.110494256019592 -1.83646845817566 10 3
"38" 312 2014 6 4 4 5 5 5 5 5 1 4 4 1 5 3 3 1 5 5 1 5 5 3 1 1 1 4 1 1 5 2 1 1 5 3 1 5 5 5 5 4 4 2 2 2 2 1 5 1 4 4 1 1 1 1 1 1 1 39 2 NA NA 2 1 14 14 16 18 15 12 12 10 8 7 49 34 15 4.08333349227905 2.83333325386047 1.875 13 9 2 5 5 2 2 16 0.687922358512878 -1.50105917453766 -0.527376770973206 0.638674795627594 -1.46461153030396 -0.559078335762024 11 3
"39" 195 2014 6 4 1 2 1 1 1 5 2 4 5 2 4 4 2 4 1 4 4 2 4 4 1 4 1 4 4 2 4 4 2 4 4 4 5 1 3 3 2 2 4 4 4 3 4 4 3 3 4 4 2 4 2 4 2 2 4 38 1 6 1 20 1 7 3 16 15 15 8 7 7 17 18 46 22 35 3.83333325386047 1.83333337306976 4.375 12 16 5 8 8 4 6 31 -0.100701801478863 1.60392451286316 -1.46637117862701 0.186523780226707 1.61918652057648 -1.45734560489654 20 0
"40" 230 2014 6 3 3 1 1 2 3 4 5 4 5 2 3 5 1 4 2 2 5 4 4 2 1 2 1 3 3 2 3 2 2 2 5 3 4 2 4 4 2 1 4 3 3 4 4 3 2 4 5 5 5 4 1 3 4 2 5 24 1 5 6 4 2 5 8 12 16 11 13 10 6 12 17 39 29 29 3.25 2.41666674613953 3.625 10 14 5 10 9 7 7 38 -0.883534550666809 0.913337886333466 -1.24981379508972 -0.681933760643005 0.875085592269897 -1.16413068771362 26 0
"41" 313 2014 6 2 3 3 4 1 4 4 4 4 2 2 1 2 2 2 2 2 2 4 4 1 4 2 4 2 3 1 1 2 4 4 5 3 1 2 4 2 5 4 5 2 2 3 2 3 4 4 4 5 4 4 2 3 5 4 3 26 1 NA NA 6 2 9 8 11 11 6 15 9 15 12 8 28 39 20 2.33333325386047 3.25 2.5 13 12 6 7 9 8 8 38 -2.14904165267944 -0.840403318405151 0.299804121255875 -2.22592115402222 -0.971093058586121 0.503376841545105 31 0
"42" 268 2014 6 4 1 2 1 1 2 2 3 4 1 4 4 5 4 1 4 2 2 2 4 5 4 1 4 2 1 1 2 2 4 1 5 2 1 2 4 4 4 2 5 4 5 4 2 4 3 3 5 4 2 4 2 3 3 2 5 25 1 6 11 0 1 7 4 10 15 15 16 9 16 5 5 40 41 10 3.33333325386047 3.41666674613953 1.25 14 15 5 10 8 4 6 33 -0.662917673587799 -2.08042001724243 0.427091419696808 -0.876993775367737 -2.10544848442078 0.472102999687195 20 0
"43" 33 2014 6 4 2 2 1 2 1 4 4 5 5 3 4 4 2 4 3 4 3 4 4 5 2 3 4 5 5 3 3 2 2 5 5 5 3 5 3 5 4 1 4 3 3 4 4 4 5 2 4 2 1 1 1 1 1 1 3 30 2 3 2 34 1 7 5 19 14 16 16 15 10 16 16 49 41 32 4.08333349227905 3.41666674613953 4 13 15 3 7 3 2 2 17 0.630097150802612 0.894554257392883 0.511735618114471 0.631554305553436 0.912283778190613 0.458810567855835 23 0
"44" 314 2014 6 3 2 1 1 1 2 4 2 4 4 4 4 3 4 2 2 2 2 2 4 2 4 4 2 2 2 2 2 2 4 4 4 2 2 4 4 4 4 4 5 3 4 4 3 4 4 2 4 4 1 2 1 3 2 1 5 25 2 NA NA 8 1 5 5 10 13 12 10 12 16 14 10 35 38 24 2.91666674613953 3.16666674613953 3 16 15 3 9 6 2 5 25 -1.13209390640259 -0.290454655885696 0.636829435825348 -1.23418259620667 -0.365523546934128 0.738073647022247 12 0
"45" 315 2014 6 4 5 5 4 5 5 3 5 3 2 2 4 4 4 2 2 3 2 4 4 3 4 2 3 3 5 1 3 3 5 3 4 3 1 4 4 3 4 4 5 2 4 4 3 4 4 3 4 4 3 4 2 3 3 2 4 30 1 NA NA 16 2 13 15 12 15 13 14 11 17 10 10 40 42 20 3.33333325386047 3.5 2.5 16 14 5 8 8 5 6 32 -0.775917410850525 -0.916181862354279 0.628468096256256 -0.92917537689209 -0.969214856624603 0.673076629638672 24 2
"46" 256 2014 6 2 1 2 1 1 1 5 1 5 5 4 4 5 2 5 1 5 5 4 4 2 1 5 2 5 4 2 4 2 2 5 5 4 5 3 1 5 5 4 5 5 2 5 2 4 5 2 5 5 2 5 1 4 4 2 5 48 2 4 5 14 1 5 3 19 14 13 9 13 10 20 19 46 32 39 3.83333325386047 2.66666674613953 4.875 16 16 3 10 10 4 8 35 0.625576972961426 2.20136594772339 0.208589822053909 0.766116917133331 2.23439645767212 0.175305813550949 17 1
"47" 192 2014 6 3 1 2 1 1 2 5 4 4 5 2 3 4 1 5 2 4 5 3 4 3 1 5 1 4 5 3 4 3 2 5 4 3 5 3 4 4 3 2 5 5 3 4 3 4 3 4 5 5 2 4 1 4 2 1 4 24 2 4 5 26 2 6 4 15 16 13 11 11 7 20 20 44 29 40 3.66666674613953 2.41666674613953 5 12 17 5 9 9 3 6 32 -0.254250973463058 2.12549901008606 -0.790515959262848 -0.006032633595169 2.12272620201111 -0.75223034620285 29 0
"48" 78 2014 6 4 1 1 1 1 1 5 5 5 5 4 5 5 3 4 1 4 5 4 5 4 4 4 2 4 5 4 5 4 4 3 4 5 4 4 5 5 4 3 5 4 4 3 4 4 3 4 5 5 4 5 2 5 3 4 5 40 2 4 3 24 2 6 3 18 20 18 12 16 15 16 19 56 43 35 4.66666650772095 3.58333325386047 4.375 13 17 6 10 10 8 8 42 1.55271875858307 1.43515038490295 1.10883855819702 1.48127782344818 1.50269138813019 0.92136424779892 23 0
"49" 201 2014 6 2 1 1 1 1 1 5 2 5 2 2 5 5 1 2 1 4 4 4 4 2 1 2 1 1 5 3 5 2 2 4 4 2 2 2 5 5 2 3 5 5 4 4 4 5 4 4 5 4 4 4 1 2 1 1 5 25 1 5 4 6 2 4 3 12 19 14 8 11 6 13 13 45 25 26 3.75 2.08333325386047 3.25 15 19 5 10 8 5 3 31 0.040932651609182 -0.072126254439354 -1.79763340950012 0.244711622595787 -0.043849069625139 -1.80014538764954 28 0
"50" 37 2014 6 2 1 2 1 1 1 4 3 4 4 4 5 2 1 5 4 4 4 4 3 3 3 4 4 4 3 4 3 4 4 5 5 3 3 4 3 3 5 5 4 4 4 5 3 3 5 4 5 5 4 5 2 4 2 3 5 23 2 5 5 20 2 5 3 15 11 15 16 16 13 18 14 41 45 32 3.41666674613953 3.75 4 19 14 6 10 10 7 6 39 -0.527439296245575 1.07289004325867 1.53150534629822 -0.620790898799896 1.01697874069214 1.58461058139801 31 0
"51" 316 2014 6 5 1 2 1 1 1 5 2 4 5 3 5 4 3 2 2 4 1 3 4 4 3 3 1 3 1 2 5 4 4 4 5 4 4 3 5 4 4 3 5 5 3 2 3 3 4 1 2 1 1 1 1 1 5 5 1 25 2 NA NA 14 1 8 3 15 18 17 10 11 14 14 11 50 35 25 4.16666650772095 2.91666674613953 3.125 12 16 2 3 2 6 6 19 0.581108152866364 0.065453678369522 0.268206596374512 0.520309865474701 0.103968232870102 0.186560243368149 23 1
"52" 265 2014 6 4 2 3 2 1 1 2 1 3 2 2 2 1 4 2 2 4 2 2 4 2 2 4 1 1 2 4 2 4 5 4 5 4 2 2 3 5 5 5 3 4 5 5 2 2 5 1 2 2 4 2 1 1 2 1 5 23 2 5 3 30 1 9 4 12 10 13 9 10 16 12 8 35 35 20 2.91666674613953 2.91666674613953 2.5 20 11 2 7 4 5 3 21 -1.44418251514435 -0.568565130233765 0.213015228509903 -1.49537217617035 -0.646656692028046 0.348051488399506 25 0
"53" 75 2014 6 2 1 1 1 1 1 3 5 5 5 2 3 4 3 2 1 4 2 1 4 5 2 3 1 5 5 4 5 2 1 4 2 3 1 3 5 5 4 3 4 3 5 5 5 5 3 1 5 4 3 2 1 2 1 1 5 27 1 7 2 18 1 4 3 17 18 15 9 10 10 12 13 50 29 25 4.16666650772095 2.41666674613953 3.125 16 17 2 10 6 4 3 25 0.718715667724609 -0.40343514084816 -1.15436804294586 0.821700215339661 -0.363678514957428 -1.18364489078522 18 1
"54" 34 2014 6 4 1 2 2 3 2 4 4 4 2 2 4 3 2 4 1 3 2 4 4 4 2 4 3 4 4 1 3 3 4 4 5 3 2 3 4 4 5 1 5 4 2 3 3 3 3 2 4 4 4 4 1 3 3 3 4 25 1 5 2 16 1 8 6 14 14 15 13 10 13 16 10 43 36 26 3.58333325386047 3 3.25 9 15 3 8 8 7 6 32 -0.397838085889816 -0.092227317392826 0.250747859477997 -0.433870494365692 -0.116030141711235 0.290338158607483 19 1
"55" 114 2014 6 4 1 1 1 1 2 4 2 3 2 4 2 4 4 2 1 3 2 4 4 4 5 4 1 3 1 4 1 2 4 1 5 3 1 3 3 2 4 1 4 4 2 4 1 3 4 3 2 2 5 2 3 2 5 4 4 23 1 4 3 8 1 6 4 12 12 10 9 15 17 11 6 34 41 17 2.83333325386047 3.41666674613953 2.125 11 12 6 6 4 9 7 32 -1.2912769317627 -1.04821753501892 1.03774178028107 -1.48170185089111 -1.14114427566528 1.15541338920593 22 0
"56" 144 2014 6 3 2 2 1 1 1 4 4 5 2 2 4 4 2 4 1 4 1 2 4 4 2 4 2 5 2 3 4 2 4 4 5 3 1 3 4 5 5 4 5 4 5 5 3 5 4 1 4 3 4 4 1 1 1 2 5 23 2 5 4 12 1 6 4 17 16 15 12 10 13 16 6 48 35 22 4 2.91666674613953 2.75 18 17 2 9 7 6 2 26 0.655145943164825 -0.76067852973938 0.406623989343643 0.550458908081055 -0.730904757976532 0.349682450294495 25 1
"57" 264 2014 6 3 2 1 1 2 2 3 4 4 2 2 3 4 4 1 3 4 3 2 4 3 4 4 2 2 1 3 2 2 4 3 5 3 2 2 2 2 4 2 4 4 4 3 3 4 4 2 3 2 3 3 1 3 2 2 2 23 2 5 4 8 2 5 6 13 12 10 14 9 16 11 8 35 39 19 2.91666674613953 3.25 2.375 13 15 3 5 5 5 5 23 -0.99134624004364 -0.907873630523682 0.561628878116608 -1.10967075824738 -0.960225760936737 0.644168794155121 21 0
"58" 317 2014 6 4 1 2 1 1 1 4 4 4 4 2 2 5 2 4 2 2 2 4 5 1 2 4 5 4 1 2 5 2 2 4 5 2 2 4 2 2 5 4 5 4 1 5 4 4 4 4 5 5 4 5 1 4 3 2 5 45 2 NA NA 0 2 7 3 12 17 7 16 12 11 16 9 36 39 25 3 3.25 3.125 14 17 5 10 10 6 7 38 -0.689200818538666 -0.147757828235626 0.155682742595673 -0.753770649433136 -0.193064957857132 0.266066253185272 9 3
"59" 15 2014 6 3 1 4 2 1 1 5 1 5 5 2 4 4 1 3 1 5 4 3 5 4 4 3 1 4 4 2 4 3 4 5 4 3 3 1 3 5 4 1 5 5 3 4 3 4 3 4 4 2 3 2 1 2 2 4 4 22 2 2 2 22 1 9 3 17 16 16 7 8 13 16 16 49 28 32 4.08333349227905 2.33333325386047 4 11 17 5 8 4 7 4 28 0.695076525211334 0.903765320777893 -0.117453545331955 0.78276115655899 0.934685349464417 -0.2292799949646 28 0
"60" 16 2014 6 2 1 2 1 1 1 5 2 4 2 4 3 5 2 4 1 3 5 3 4 2 5 3 1 4 4 2 1 2 5 4 5 2 5 4 1 4 5 5 5 4 5 5 2 3 5 2 2 2 5 3 2 2 5 5 5 23 2 1 6 0 1 5 3 13 11 11 9 13 17 16 16 35 39 32 2.91666674613953 3.25 4 20 14 4 7 5 10 7 33 -1.00901699066162 1.43714904785156 1.22893011569977 -1.03235840797424 1.38595521450043 1.29199934005737 25 2
"61" 266 2014 6 4 2 3 3 1 3 2 2 4 1 1 4 3 4 2 1 3 4 3 4 4 3 2 1 2 1 1 4 2 3 5 4 3 1 3 5 4 4 3 5 3 4 4 4 5 2 4 5 5 5 5 4 5 5 5 5 21 1 3 13 2 1 10 6 12 16 14 8 8 14 11 7 42 30 18 3.5 2.5 2.25 13 17 8 10 10 10 10 48 -0.753371477127075 -1.25817453861237 -1.06310522556305 -0.721017301082611 -1.27026689052582 -0.990243136882782 29 0
"62" 85 2014 6 3 1 1 1 1 1 4 2 5 3 1 5 5 1 3 1 3 3 2 4 4 2 3 1 3 3 1 5 3 2 4 3 5 3 1 5 5 4 1 4 3 3 4 2 3 2 4 3 4 5 4 3 4 4 5 4 21 1 4 4 8 1 5 3 16 19 17 7 5 9 14 12 52 21 26 4.33333349227905 1.75 3.25 10 12 7 7 8 10 8 40 0.71998119354248 0.145332679152489 -1.65968477725983 0.896885573863983 0.212454423308373 -1.73529922962189 33 0
"63" 132 2014 6 3 3 2 2 1 1 4 2 5 3 2 4 4 3 4 1 4 4 1 5 4 3 3 2 4 4 2 5 4 3 4 2 3 3 2 4 5 4 3 5 4 4 4 4 4 4 4 4 4 4 4 4 4 4 4 4 21 2 4 5 8 2 7 5 16 18 17 7 7 13 15 14 51 27 29 4.25 2.25 3.625 15 17 8 8 8 8 8 40 0.76980197429657 0.481368571519852 -0.750246226787567 0.881414413452148 0.541334569454193 -0.836134672164917 33 0
"64" 252 2014 6 3 1 1 1 1 1 4 1 5 2 2 2 4 4 5 1 4 4 1 5 2 2 4 1 2 3 2 3 4 2 5 4 3 2 1 5 2 4 2 4 4 2 4 2 5 2 5 5 5 4 5 4 5 5 4 5 21 2 4 6 10 2 5 3 14 17 10 7 6 12 18 11 41 25 29 3.41666674613953 2.08333325386047 3.625 10 15 9 10 10 8 10 47 -0.427129060029984 0.296516209840775 -1.20806527137756 -0.250916391611099 0.288340091705322 -1.14916288852692 25 0
"65" 318 2014 6 2 1 1 1 1 2 4 4 5 2 2 2 2 2 2 2 4 2 2 2 2 4 4 2 4 1 1 4 2 4 4 5 4 1 2 2 4 4 2 5 5 4 5 2 5 5 2 3 2 4 2 1 2 2 2 3 26 2 NA NA 6 1 4 4 17 10 10 13 7 14 14 6 37 34 20 3.08333325386047 2.83333325386047 2.5 16 17 3 6 4 6 4 23 -0.791949450969696 -0.89137989282608 0.433312654495239 -0.887922763824463 -0.945140838623047 0.510251343250275 18 0
"66" 319 2014 6 1 2 1 1 1 1 4 2 5 2 4 5 5 2 2 1 5 1 4 4 4 3 2 1 4 2 2 4 5 2 1 4 4 1 4 5 5 5 2 5 3 2 5 5 5 2 2 5 5 2 4 1 4 2 1 5 25 2 NA NA 24 1 3 4 18 18 19 8 14 12 9 6 55 34 15 4.58333349227905 2.83333325386047 1.875 11 18 3 10 9 3 6 31 1.496173620224 -1.27298498153687 0.128011181950569 1.38019299507141 -1.19492053985596 7.3660354246e-05 22 0
"67" 320 2014 6 4 2 2 1 2 1 2 2 4 1 2 3 4 2 1 1 2 2 2 4 4 2 2 2 4 2 4 4 1 2 4 4 2 2 2 5 4 4 2 4 4 2 4 4 4 4 2 4 4 2 2 1 2 4 2 4 26 2 NA NA 12 1 7 5 12 17 12 9 10 10 9 7 41 29 16 3.41666674613953 2.41666674613953 2 12 16 3 8 6 4 6 27 -0.8391153216362 -1.2695244550705 -1.41649913787842 -0.769458711147308 -1.26980721950531 -1.30286514759064 17 0
"68" 245 2014 6 4 1 2 2 2 2 3 1 4 2 2 2 4 4 3 2 4 1 2 3 3 2 2 1 4 1 1 4 3 2 2 5 3 1 1 3 4 4 3 4 3 3 4 3 5 4 3 4 4 5 4 5 3 5 4 4 21 1 3 3 4 2 8 5 15 14 12 9 6 12 10 5 41 27 15 3.41666674613953 2.25 1.875 14 15 8 8 8 9 8 41 -0.498449683189392 -1.36514914035797 -0.968711018562317 -0.472285658121109 -1.37967538833618 -0.891138911247253 25 0
"69" 233 2014 6 5 5 5 5 5 5 5 1 4 4 2 4 4 2 2 2 4 2 2 4 4 4 4 2 4 1 1 4 2 4 2 5 2 1 1 2 4 2 4 5 5 5 5 4 4 5 2 5 5 2 5 1 5 2 2 5 22 2 1 6 8 2 15 15 14 14 14 10 6 12 13 8 42 28 21 3.5 2.33333325386047 2.625 19 18 3 10 10 4 7 34 -0.166273027658463 -0.788316607475281 -0.100018255412579 -0.208690151572227 -0.812598407268524 -0.117191955447197 0 3
"70" 194 2014 6 3 2 2 1 1 1 4 2 5 4 4 4 2 2 4 1 4 5 4 4 3 2 4 1 4 3 4 3 2 4 4 3 2 4 3 4 4 4 1 5 4 1 4 4 4 4 2 4 5 3 5 1 4 3 3 4 23 2 2 4 20 2 6 4 15 13 13 7 15 12 16 16 41 34 32 3.41666674613953 2.83333325386047 4 10 17 3 8 10 6 7 34 -0.459697306156158 1.16421222686768 0.289653033018112 -0.382284849882126 1.14153945446014 0.335000663995743 28 0
"71" 138 2014 6 3 2 1 1 1 2 4 1 4 2 2 4 4 2 3 1 3 4 2 4 3 2 2 1 5 2 3 3 2 2 4 4 4 2 3 3 4 4 3 5 4 3 5 2 4 2 3 4 2 1 3 1 2 3 2 4 22 2 1 5 12 1 5 5 16 14 13 7 10 10 13 10 43 27 23 3.58333325386047 2.25 2.875 13 15 4 8 5 3 5 25 -0.329995959997177 -0.11360489577055 -0.962625324726105 -0.221093997359276 -0.118372611701488 -0.910643696784973 22 0
"72" 321 2014 6 1 2 2 1 1 1 1 1 1 4 2 1 2 2 5 3 2 5 1 2 2 3 3 1 1 4 4 2 2 2 5 1 1 4 1 2 1 1 1 1 3 2 2 4 3 1 2 1 1 1 1 5 2 5 2 1 22 2 NA NA 30 1 4 4 5 8 6 6 8 8 14 17 19 22 31 1.58333337306976 1.83333337306976 3.875 6 11 7 2 2 3 7 21 -4.1120343208313 1.28991723060608 -2.08103513717651 -3.74032950401306 1.09155178070068 -1.66156685352325 26 0
"73" 322 2014 6 2 1 1 1 1 1 2 4 5 2 2 3 4 4 2 2 4 4 3 4 2 3 4 1 3 1 2 3 2 4 4 4 2 1 2 4 4 4 3 1 2 3 1 3 1 3 1 1 3 1 2 1 1 1 1 2 22 2 NA NA 12 1 4 3 14 15 11 11 9 15 12 8 40 35 20 3.33333325386047 2.91666674613953 2.5 10 7 2 3 5 2 2 14 -0.410866141319275 -0.987991213798523 0.153192698955536 -0.483036249876022 -1.00570321083069 0.185981228947639 11 3
"74" 163 2014 6 1 2 3 2 1 1 4 4 5 2 2 4 5 2 2 3 5 2 2 5 4 2 3 3 5 2 4 4 4 2 5 5 3 2 3 4 4 3 2 4 5 2 2 1 5 4 2 4 3 2 1 1 2 1 1 2 23 2 1 4 18 1 6 4 18 18 16 15 11 9 14 8 52 35 22 4.33333349227905 2.91666674613953 2.75 10 15 3 6 4 3 3 19 1.04495823383331 -0.682877004146576 -0.233926385641098 1.02201068401337 -0.608563959598541 -0.326967716217041 29 0
"75" 117 2014 6 2 1 2 1 1 2 5 1 4 4 4 4 5 2 4 2 4 5 1 5 4 2 4 1 4 4 2 4 5 2 5 2 4 5 2 5 5 4 2 5 4 2 4 4 5 4 4 4 4 1 4 3 3 5 4 5 22 1 1 5 20 1 5 4 16 19 18 6 9 10 18 18 53 25 36 4.41666650772095 2.08333325386047 4.5 12 18 7 9 8 5 8 37 0.82453590631485 1.73177480697632 -0.850053250789642 1.02802109718323 1.80098497867584 -0.926952242851257 22 0
"76" 60 2014 6 2 5 5 5 5 5 4 2 5 3 2 3 5 1 4 2 5 4 3 5 5 2 5 2 4 4 3 4 4 2 2 5 5 2 3 5 5 5 3 5 4 5 5 3 4 4 4 5 5 2 5 2 4 5 4 5 25 1 1 5 20 1 12 15 19 19 17 11 11 10 15 13 55 32 28 4.58333349227905 2.66666674613953 3.5 17 16 6 10 10 6 9 41 1.40153300762176 0.330163925886154 -0.146828606724739 1.43158733844757 0.399081319570541 -0.273036360740662 0 3
"77" 323 2014 6 3 1 1 1 1 1 4 1 5 4 3 5 5 1 4 1 5 3 1 5 5 2 3 1 5 4 4 5 4 4 4 4 4 1 1 5 5 5 1 5 3 1 4 3 5 3 1 4 3 5 3 4 2 4 2 4 23 1 NA NA 20 1 5 3 19 20 19 7 9 12 15 12 58 28 27 4.83333349227905 2.33333325386047 3.375 9 16 5 8 6 7 6 32 1.83272433280945 0.116519272327423 -0.159602031111717 1.84180545806885 0.200782611966133 -0.352564215660095 21 0
"78" 324 2014 6 4 1 2 1 1 1 4 2 4 2 1 3 2 4 2 1 5 3 3 2 3 2 3 2 3 4 2 3 4 2 1 4 3 2 3 1 4 3 2 5 5 3 4 2 4 3 4 3 4 2 3 2 3 2 2 3 24 1 NA NA 30 1 7 3 15 8 14 9 9 11 10 11 37 29 21 3.08333325386047 2.41666674613953 2.625 12 16 6 6 7 4 5 28 -1.05628776550293 -0.437288820743561 -0.87098217010498 -0.940716445446014 -0.488771766424179 -0.744303703308105 28 0
"79" 325 2014 6 5 2 3 1 1 1 2 5 4 4 3 2 2 1 5 3 4 5 2 3 3 1 4 4 4 5 2 2 2 1 5 5 4 3 2 2 4 4 1 5 4 4 4 3 3 3 4 4 5 5 3 4 4 4 3 5 22 2 NA NA 14 1 9 4 16 9 11 17 9 7 16 17 36 33 33 3 2.75 4.125 12 15 8 9 8 8 8 41 -1.25281250476837 1.19785296916962 -0.563154697418213 -1.06246089935303 1.12734591960907 -0.388210862874985 33 0
"80" 199 2014 6 2 1 1 1 1 1 4 4 4 3 4 5 4 2 2 1 4 4 3 5 4 4 4 2 4 1 3 4 3 4 1 5 4 2 2 3 5 5 5 5 3 3 5 2 4 5 2 5 4 1 4 1 1 1 1 5 23 2 3 5 28 1 4 3 16 16 17 12 12 15 11 10 49 39 21 4.08333349227905 3.25 2.625 18 14 3 10 8 2 2 25 0.776840686798096 -0.41255784034729 0.988430321216583 0.607566058635712 -0.384480267763138 0.901859223842621 16 0
"81" 326 2014 6 5 2 1 1 1 1 4 1 5 2 1 3 5 1 2 1 5 2 1 5 2 3 2 1 2 4 1 4 5 3 1 5 4 1 1 5 4 2 1 5 4 3 3 4 5 4 3 4 3 3 1 1 3 5 2 3 22 1 NA NA 30 1 7 4 16 19 14 8 4 9 9 9 49 21 18 4.08333349227905 1.75 2.25 11 18 4 7 4 5 8 28 0.636120736598969 -0.971592664718628 -1.47291266918182 0.738758206367493 -0.928016841411591 -1.56717777252197 31 0
"82" 92 2014 6 2 5 4 4 5 4 4 1 4 4 2 4 4 2 2 2 4 4 4 3 4 4 3 1 4 2 1 3 3 2 1 5 4 2 2 4 4 5 4 4 2 5 5 3 5 4 3 4 3 4 3 4 3 5 4 5 20 1 3 4 16 2 10 14 16 14 15 9 9 13 10 12 45 31 22 3.75 2.58333325386047 2.75 18 14 7 9 6 8 8 38 -0.083293356001377 -0.242377460002899 -0.221401587128639 -0.065424099564552 -0.256025820970535 -0.211659356951714 22 0
"83" 327 2014 6 3 3 3 2 1 3 4 5 4 2 3 3 3 2 4 4 4 3 3 3 2 2 2 4 4 4 2 2 2 5 4 4 4 1 2 3 3 4 3 4 4 4 4 2 3 5 3 4 3 4 3 2 2 3 4 3 22 1 NA NA 2 2 8 7 16 11 10 17 10 13 14 10 37 40 24 3.08333325386047 3.33333325386047 3 16 13 5 7 6 8 5 31 -0.874064683914185 -0.235634192824364 0.832141101360321 -0.968195080757141 -0.308771103620529 0.904725551605225 31 0
"84" 328 2014 6 4 1 1 1 1 1 3 3 5 1 3 5 5 4 2 3 5 1 3 5 4 1 3 1 5 1 2 5 5 2 1 3 3 1 4 5 5 5 4 5 4 1 2 5 5 4 3 3 5 4 5 1 3 3 3 5 21 1 NA NA 6 1 6 3 18 20 19 10 12 12 9 4 57 34 13 4.75 2.83333325386047 1.625 11 19 4 8 10 7 6 35 1.76209771633148 -1.74191868305206 -0.072847701609135 1.62868857383728 -1.62924122810364 -0.20897088944912 23 0
"85" 270 2014 6 5 1 2 2 1 1 3 2 5 3 2 4 5 4 2 1 5 2 2 4 5 3 2 4 4 1 2 4 3 2 1 4 4 1 2 4 4 2 1 5 4 4 2 5 5 3 3 4 5 3 4 3 4 2 3 5 22 2 3 3 8 1 9 3 18 17 16 11 8 11 8 7 51 30 15 4.25 2.5 1.875 10 19 6 9 9 6 6 36 0.907107532024384 -1.49787962436676 -0.74897575378418 0.888352274894714 -1.44090569019318 -0.842039346694946 26 0
"86" 164 2014 6 3 1 1 2 1 1 5 2 5 3 3 5 5 2 4 1 4 3 3 4 3 2 3 1 5 3 3 3 3 2 3 4 3 3 2 5 5 4 4 5 3 3 4 2 5 3 2 3 3 3 2 2 2 4 3 2 23 2 3 4 0 1 6 3 17 17 16 8 11 10 15 12 50 29 27 4.16666650772095 2.41666674613953 3.375 14 15 4 5 5 6 6 26 0.722958028316498 0.362873911857605 -0.493002772331238 0.814578533172607 0.412029623985291 -0.55440491437912 12 0
"87" 219 2014 6 3 1 3 1 1 1 5 3 5 5 2 3 5 3 5 3 4 3 1 5 3 3 5 1 5 2 2 5 4 2 2 3 4 3 2 5 5 4 2 5 4 3 3 3 5 5 3 5 5 5 5 3 4 4 5 5 21 1 3 0 0 2 7 3 18 20 15 10 7 12 17 13 53 29 30 4.41666650772095 2.41666674613953 3.75 13 17 6 10 10 10 8 44 1.26938915252686 0.625902235507965 -0.215440452098846 1.31206095218658 0.688495457172394 -0.338423311710358 26 1
"88" 240 2014 6 4 2 2 1 1 2 2 4 4 2 2 5 4 1 2 2 4 2 2 2 4 1 2 4 4 2 1 4 4 4 4 5 4 1 1 2 5 4 2 5 2 2 1 4 4 4 4 4 5 5 5 4 5 4 5 4 22 1 3 4 8 2 7 5 16 12 18 15 6 10 10 7 46 31 17 3.83333325386047 2.58333325386047 2.125 9 15 8 8 10 10 9 45 0.010701498948038 -1.10203325748444 -0.350051462650299 -0.028614811599255 -1.09667491912842 -0.349815726280212 31 0
"89" 329 2014 6 3 2 2 1 1 1 4 2 5 2 3 2 4 2 3 4 4 2 2 4 3 2 4 4 4 1 2 2 2 4 1 5 4 2 1 2 4 5 4 4 4 5 4 3 3 2 2 4 2 4 2 3 2 5 4 4 29 1 NA NA 6 2 6 4 17 12 11 15 8 13 12 7 40 36 19 3.33333325386047 3 2.375 15 14 5 8 4 8 7 32 -0.142702624201775 -0.676694571971893 0.785394966602325 -0.269995868206024 -0.695327758789063 0.800042033195496 19 0
"90" 330 2014 6 2 1 2 1 1 1 3 2 4 2 3 3 3 2 2 2 3 1 1 4 4 3 3 1 4 1 1 3 3 3 1 5 3 1 1 3 4 4 4 5 3 5 4 3 5 5 1 4 3 1 3 1 1 1 1 4 26 2 NA NA 0 1 5 3 14 13 14 10 6 12 9 5 41 28 14 3.41666674613953 2.33333325386047 1.75 18 16 2 8 6 2 2 20 -0.519700586795807 -1.41954469680786 -0.435276836156845 -0.566378653049469 -1.44414436817169 -0.373674511909485 0 3
"91" 331 2014 6 3 2 2 1 1 2 3 2 4 3 3 2 3 2 4 1 4 2 2 4 2 1 4 2 4 2 2 2 2 2 1 1 4 3 2 4 3 4 2 5 3 4 5 3 4 4 4 4 5 5 5 2 4 2 3 5 29 2 NA NA 6 2 6 5 16 13 9 6 9 9 12 10 38 24 22 3.16666674613953 2 2.75 15 15 6 9 10 8 6 39 -0.766441345214844 -0.023636780679226 -0.936788499355316 -0.631270885467529 -0.055196594446898 -0.819768011569977 30 2
"92" 58 2014 6 2 2 1 1 1 1 5 1 4 2 4 2 4 2 4 4 4 2 4 4 2 2 3 1 4 4 5 2 4 4 4 5 2 1 4 4 2 5 5 2 4 4 5 2 2 5 2 4 4 2 4 1 2 1 1 4 21 2 1 5 10 1 4 4 14 14 10 11 17 13 16 9 38 41 25 3.16666674613953 3.41666674613953 3.125 19 10 3 8 8 3 3 25 -0.673183619976044 -0.04426334798336 1.01668393611908 -0.779460847377777 -0.108692660927773 1.09366345405579 12 0
"93" 254 2014 6 5 3 5 5 5 5 4 2 5 4 5 4 4 2 3 2 4 5 2 4 4 3 2 1 3 4 3 3 4 3 4 5 2 2 2 4 5 4 4 4 3 3 4 2 4 3 3 4 4 2 4 2 3 5 2 4 28 1 1 7 12 1 15 13 14 15 17 10 12 12 13 15 46 34 28 3.83333325386047 2.83333325386047 3.5 14 13 5 8 8 4 8 33 0.221042990684509 0.430644810199738 0.032055404037237 0.25728166103363 0.433072835206985 0.006776828784496 17 0
"94" 167 2014 6 2 1 2 3 2 1 2 4 5 4 4 3 5 2 1 5 5 1 2 4 5 2 2 2 4 1 4 4 5 4 1 5 4 1 3 2 4 4 3 5 4 4 2 3 4 3 2 5 5 3 4 1 5 2 3 5 23 1 1 5 2 1 7 4 18 15 17 16 13 12 6 7 50 41 13 4.16666650772095 3.41666674613953 1.625 12 16 3 10 9 6 7 35 1.09141337871551 -1.42792749404907 1.01151943206787 0.853843927383423 -1.39051222801208 0.899705827236176 0 3
"95" 139 2014 6 2 4 3 5 5 5 4 1 5 3 2 5 4 2 5 2 5 2 1 5 4 2 3 1 4 1 3 3 3 3 1 5 4 2 1 4 5 4 2 5 4 4 5 4 4 5 2 4 5 3 4 1 3 5 1 5 21 2 1 6 14 1 10 14 18 16 17 9 7 11 13 8 51 27 21 4.25 2.25 2.625 16 17 3 9 9 4 8 33 1.03319811820984 -0.395503014326096 -0.339568167924881 1.05399680137634 -0.341490805149078 -0.449217021465302 18 0
"96" 121 2014 6 3 2 2 1 1 1 4 2 5 4 4 4 4 2 2 2 4 4 3 5 4 4 4 1 4 2 2 3 2 2 4 4 3 3 2 4 4 5 3 5 4 4 5 2 4 5 2 4 4 3 2 1 4 2 4 4 30 2 1 4 26 1 6 4 16 16 14 9 11 13 14 13 46 33 27 3.83333325386047 2.75 3.375 17 15 3 8 6 7 6 30 0.339440196752548 0.273314774036407 0.120333142578602 0.351569503545761 0.296049147844315 0.095716260373592 19 0
"97" 67 2014 6 2 2 1 1 1 1 4 4 5 2 3 2 4 3 1 4 5 2 4 4 2 4 3 2 5 1 5 4 2 4 4 5 4 1 4 2 5 5 3 5 5 4 5 4 5 3 1 5 4 4 4 1 3 1 2 4 21 2 1 6 16 1 4 4 19 14 11 15 16 16 12 6 44 47 18 3.66666674613953 3.91666674613953 2.25 15 19 2 9 8 6 4 29 0.459331333637238 -1.07802021503449 1.69802749156952 0.182451620697975 -1.07257962226868 1.65088486671448 21 0
"98" 6 2014 6 3 1 2 1 1 1 4 3 5 3 3 4 4 2 2 1 4 3 2 4 4 2 3 2 2 4 3 2 4 2 3 4 4 2 2 5 4 2 2 4 4 3 4 4 4 3 3 3 4 4 3 1 4 3 4 4 23 1 1 5 6 1 6 3 15 15 16 10 10 8 12 12 46 28 24 3.83333325386047 2.33333325386047 3 12 16 4 7 7 8 7 33 0.066045746207237 -0.19845475256443 -1.03834450244904 0.185486823320389 -0.188793316483498 -1.04744839668274 24 0
"99" 155 2014 6 3 5 5 5 5 5 4 1 4 3 4 2 4 1 4 2 4 4 1 4 4 3 4 1 4 4 4 3 4 4 5 4 4 4 3 4 5 5 4 4 3 4 4 2 4 4 3 4 4 4 4 1 3 2 4 4 21 2 1 5 22 1 13 15 16 15 15 8 12 13 17 15 46 33 32 3.83333325386047 2.75 4 16 13 4 8 8 8 5 33 0.035858899354935 1.23418831825256 0.350590825080872 0.080669417977333 1.24044632911682 0.339458435773849 28 0
"100" 27 2014 6 3 4 4 4 5 4 4 3 4 2 4 4 5 1 4 2 4 4 4 5 2 2 4 1 2 4 3 4 4 2 4 4 4 2 2 4 4 5 4 4 4 2 4 2 2 4 3 4 3 4 4 2 3 4 3 5 21 2 1 3 22 1 11 13 14 18 14 10 13 10 16 12 46 33 28 3.83333325386047 2.75 3.5 14 12 5 9 7 7 7 35 0.2879239320755 0.449515521526337 -0.236877828836441 0.327249437570572 0.463524878025055 -0.240567460656166 17 0
"101" 332 2014 6 3 1 1 1 1 1 2 2 4 2 3 4 3 3 2 2 3 4 4 3 3 2 3 3 3 2 2 3 4 2 4 4 4 2 3 5 5 5 2 4 3 3 4 3 3 4 3 5 5 3 4 2 4 3 2 5 20 2 NA NA 24 2 5 3 14 14 16 11 12 12 11 10 44 35 21 3.66666674613953 2.91666674613953 2.625 13 13 5 10 9 5 7 36 -0.500775575637817 -0.485826283693314 -0.375158905982971 -0.493044674396515 -0.498406320810318 -0.297771751880646 18 0
"102" 213 2014 6 3 2 2 1 1 1 4 4 5 4 3 3 4 2 4 1 5 2 3 4 4 2 4 1 5 2 1 2 4 5 2 4 5 1 2 4 5 4 1 5 4 4 5 1 5 3 2 5 5 4 5 4 4 5 4 4 21 1 1 3 4 1 6 4 20 14 16 10 9 13 14 9 50 32 23 4.16666650772095 2.66666674613953 2.875 13 15 6 9 10 8 9 42 0.937229633331299 -0.316632091999054 0.763432502746582 0.836426138877869 -0.30189111828804 0.644394874572754 0 3
"103" 18 2014 6 1 1 2 1 1 1 4 2 5 2 2 4 4 2 2 1 4 2 2 4 4 1 2 1 4 2 2 5 4 2 4 4 4 2 2 5 5 4 2 4 4 3 5 2 5 4 2 4 4 5 4 2 3 5 4 4 22 1 1 4 14 1 4 3 17 18 17 8 8 9 12 8 52 25 20 4.33333349227905 2.08333325386047 2.5 14 15 4 8 8 9 8 37 0.773689091205597 -0.751676559448242 -1.34432053565979 0.866621375083923 -0.681224167346954 -1.39974534511566 17 0
"104" 103 2014 6 2 5 5 5 5 5 4 4 4 3 4 5 5 4 3 2 5 4 3 5 4 4 5 1 4 2 4 4 2 3 3 4 5 2 5 5 5 5 5 5 5 5 5 4 5 5 3 5 4 1 4 1 3 1 2 4 35 2 1 5 20 1 12 15 18 19 16 11 16 16 15 11 53 43 26 4.41666650772095 3.58333325386047 3.25 20 19 4 9 8 3 4 28 1.32274544239044 -0.031535092741251 1.22198951244354 1.15022194385529 0.025547627359629 1.09617459774017 0 3
"105" 333 2014 6 4 4 4 5 3 4 4 4 4 4 4 4 4 4 3 3 3 3 3 3 3 3 3 3 4 4 4 4 2 4 5 3 4 4 5 5 5 4 3 4 3 4 4 3 4 4 5 5 5 5 5 1 5 1 5 5 21 1 NA NA 22 2 13 11 15 16 14 13 16 15 15 15 45 44 30 3.75 3.66666674613953 3.75 15 14 6 10 10 10 6 42 -0.094011195003986 0.719272434711456 0.88868921995163 -0.172043472528458 0.715771317481995 0.888929843902588 23 0
"106" 22 2014 6 4 3 2 2 1 2 4 4 3 2 4 1 2 4 2 3 4 1 3 4 2 3 2 4 2 1 2 3 2 4 3 4 2 1 2 4 3 4 3 5 3 4 4 4 4 3 1 3 2 4 1 1 2 4 2 2 22 1 1 3 14 1 8 6 11 13 8 15 11 15 11 5 32 41 16 2.66666674613953 3.41666674613953 2 14 16 2 5 3 6 6 22 -1.53380608558655 -1.43591237068176 0.514603495597839 -1.68610775470734 -1.52519857883453 0.680152893066406 0 3
"107" 225 2014 6 3 1 1 1 1 1 4 4 5 3 2 3 4 1 4 2 5 4 1 5 3 2 3 4 4 4 3 4 4 4 5 4 4 2 2 4 5 5 3 5 5 4 5 3 5 3 3 4 3 4 3 2 3 2 4 4 21 1 2 6 24 1 5 3 18 17 15 14 8 12 16 13 50 34 29 4.16666650772095 2.83333325386047 3.625 15 18 5 8 6 8 5 32 0.902213931083679 0.380752146244049 0.154852494597435 0.908434748649597 0.422868311405182 0.057897102087736 26 0
"108" 244 2014 6 2 1 1 1 1 1 5 5 5 4 4 4 4 1 5 4 5 5 3 4 3 3 5 3 5 4 2 3 4 4 1 5 5 4 2 3 3 5 1 1 1 1 1 4 1 1 5 5 5 5 5 5 5 5 5 5 20 2 2 3 16 2 4 3 20 14 14 17 11 13 16 17 48 41 33 4 3.41666674613953 4.125 4 7 10 10 10 10 10 50 0.759648740291595 1.42297160625458 1.53418862819672 0.684523940086365 1.43663489818573 1.44583451747894 28 0
"109" 220 2014 6 3 1 2 1 1 1 4 1 5 4 2 5 5 1 5 1 4 4 1 4 4 2 4 1 4 5 1 3 4 2 5 2 4 4 1 2 4 4 2 5 4 4 4 3 4 2 4 5 5 5 5 4 4 5 5 5 22 1 2 4 20 2 6 3 17 14 17 5 5 9 18 17 48 19 35 4 1.58333337306976 4.375 12 16 8 10 10 10 9 47 0.434268116950989 1.57784628868103 -1.25540435314178 0.704873383045197 1.61502182483673 -1.30046463012695 31 0
"110" 334 2014 6 3 2 3 1 1 1 3 5 5 4 5 4 5 2 2 2 5 3 3 4 4 2 3 4 5 2 2 3 5 2 2 3 5 2 2 5 5 3 1 5 4 5 4 3 4 3 4 4 4 5 4 2 3 2 4 4 20 2 NA NA 8 2 7 4 20 17 18 14 12 9 10 11 55 35 21 4.58333349227905 2.91666674613953 2.625 13 16 6 8 8 9 5 36 1.40965330600739 -0.437272220849991 0.15895214676857 1.35374772548675 -0.368152767419815 0.033298533409834 27 0
"111" 248 2014 6 3 1 2 1 1 1 4 2 4 4 3 2 4 2 5 2 4 3 3 4 2 4 4 2 4 3 2 2 4 4 5 5 5 4 2 4 5 5 3 5 5 5 3 3 4 4 4 5 5 5 5 1 3 1 2 5 20 2 2 4 12 2 6 3 17 14 13 11 10 15 18 14 44 36 32 3.66666674613953 3 4 15 17 5 10 10 7 4 36 -0.141058653593063 1.20511150360107 0.80609792470932 -0.148324966430664 1.18666648864746 0.792997539043427 25 1
"112" 335 2014 6 4 3 4 3 4 3 4 5 4 3 2 3 4 2 3 1 3 1 5 5 2 2 2 3 4 3 1 4 2 2 4 5 3 2 4 5 5 3 4 4 3 4 4 2 3 5 2 5 4 3 2 2 3 2 3 3 24 1 NA NA 22 1 11 10 14 18 12 14 12 9 13 9 44 35 22 3.66666674613953 2.91666674613953 2.75 17 12 4 8 6 6 5 29 -0.165072441101074 -0.612745463848114 -0.576869189739227 -0.15644097328186 -0.611686170101166 -0.546550214290619 23 0
"113" 336 2014 6 1 1 1 1 1 1 4 2 5 5 1 3 5 2 4 4 4 2 3 5 4 2 3 2 4 1 3 2 3 2 2 5 4 1 2 4 3 4 2 5 5 4 5 2 4 4 2 5 4 5 4 2 3 2 4 4 20 2 NA NA 10 1 3 3 17 16 13 13 9 10 13 9 46 32 22 3.83333325386047 2.66666674613953 2.75 15 16 4 9 8 9 5 35 0.451408982276917 -0.48802375793457 -0.182281732559204 0.441714644432068 -0.489408880472183 -0.228854432702065 21 2
"114" 120 2014 6 4 3 2 2 1 2 2 3 4 2 2 3 2 4 1 2 3 1 4 3 4 4 2 4 2 1 1 2 2 3 1 4 2 1 1 2 2 4 2 4 3 3 3 3 4 4 4 4 5 4 4 4 5 4 3 3 19 2 2 4 4 1 8 6 11 9 11 13 8 15 6 5 31 36 11 2.58333325386047 3 1.375 12 14 8 7 9 7 9 40 -1.81865775585175 -1.92504715919495 -0.155094027519226 -1.90884935855866 -2.01908898353577 0.028878148645163 27 0
"115" 193 2014 6 3 2 2 1 1 1 4 3 4 2 4 3 4 3 2 2 4 2 2 3 2 2 3 2 4 2 2 4 3 4 1 3 4 2 2 3 4 4 3 5 4 3 3 4 4 3 2 4 4 5 3 2 3 3 4 5 21 2 2 4 18 2 6 4 16 14 12 10 10 13 10 8 42 33 18 3.5 2.75 2.25 12 17 4 9 7 9 6 35 -0.14538049697876 -0.735734820365906 0.191617131233215 -0.226867720484734 -0.744506120681763 0.216397941112518 28 0
"116" 337 2014 6 2 1 1 2 1 1 3 3 3 4 4 2 2 2 4 3 4 4 2 4 2 3 4 4 4 2 2 2 4 3 4 5 4 4 1 3 3 5 5 5 5 5 5 3 3 4 3 3 2 5 3 2 1 5 5 3 21 2 NA NA 0 1 5 3 15 11 11 15 9 13 15 14 37 37 29 3.08333325386047 3.08333325386047 3.625 19 16 5 6 5 10 6 32 -1.14965951442719 0.909067511558533 0.525749921798706 -1.13037180900574 0.843279480934143 0.655409395694733 23 0
"117" 338 2014 6 2 1 2 1 1 1 5 1 5 4 4 4 5 2 3 1 5 3 2 4 4 3 3 1 2 4 2 4 4 2 5 5 4 3 2 5 5 5 2 5 3 3 4 4 4 5 2 4 4 3 2 1 1 2 3 4 22 2 NA NA 6 1 5 3 16 18 17 8 10 12 16 14 51 30 30 4.25 2.5 3.75 14 16 3 8 6 6 3 26 0.922596573829651 0.612209737300873 -0.415398687124252 1.00805592536926 0.667153477668762 -0.499929457902908 21 0
"118" 216 2014 6 4 2 2 1 2 2 4 1 5 4 4 2 2 2 4 2 5 4 1 2 2 2 4 1 4 2 2 1 4 2 5 5 5 5 1 2 4 5 2 5 4 5 5 2 4 4 2 4 1 4 1 1 1 1 1 4 25 2 2 4 22 1 7 6 19 7 12 9 8 11 17 15 38 28 32 3.16666674613953 2.33333325386047 4 16 15 3 8 2 5 2 20 -0.819520711898804 1.50559103488922 -0.127310588955879 -0.642178475856781 1.46823465824127 -0.018163736909628 25 0
"119" 339 2014 6 2 1 2 2 1 2 4 2 4 4 5 3 4 2 2 1 4 4 2 4 2 4 3 1 2 2 4 3 2 4 4 5 2 2 3 3 4 3 2 4 3 2 5 4 5 3 2 4 3 2 3 1 3 2 2 5 21 2 NA NA 8 1 6 4 12 14 11 9 14 13 13 12 37 36 25 3.08333325386047 3 3.125 12 16 3 9 6 4 5 27 -0.688938677310944 0.05995150282979 0.434428840875626 -0.730954647064209 0.008312477730215 0.491256564855576 11 3
"120" 340 2014 6 2 1 1 2 2 1 4 4 4 4 2 4 4 3 2 2 4 4 2 5 4 3 2 2 5 2 4 4 4 2 4 4 4 4 3 4 4 5 4 5 4 3 4 2 4 4 3 4 4 4 4 2 3 2 2 4 22 2 NA NA 14 1 5 4 17 17 16 12 11 13 12 14 50 36 26 4.16666650772095 3 3.25 15 15 5 8 8 6 5 32 0.56365829706192 0.34280651807785 -0.201302871108055 0.597150921821594 0.391889035701752 -0.246394246816635 19 0
"121" 2 2014 6 1 2 2 2 2 2 2 4 3 2 5 2 1 2 4 4 3 1 4 2 2 4 4 4 4 1 4 2 2 4 2 5 2 1 3 2 2 5 5 3 4 5 5 2 2 5 3 4 5 3 5 1 4 1 2 5 25 2 2 4 12 2 5 6 12 7 8 17 16 15 12 5 27 48 17 2.25 4 2.125 20 11 4 9 10 5 5 33 -2.2478449344635 -0.913963556289673 1.80030798912048 -2.49775552749634 -1.0668431520462 2.05473780632019 24 0
"122" 341 2014 6 4 1 3 2 1 1 4 4 5 3 2 3 4 2 3 2 3 2 3 4 3 2 3 4 3 2 4 2 2 4 4 4 4 2 3 3 4 5 4 4 3 2 5 3 3 3 4 4 4 4 4 3 4 4 4 4 20 2 NA NA 16 1 9 3 15 13 12 14 12 13 14 9 40 39 23 3.33333325386047 3.25 2.875 14 13 7 8 8 8 8 39 -0.292587518692017 -0.311364114284515 0.546007990837097 -0.380406498908997 -0.339759707450867 0.570334374904633 28 0
"123" 342 2014 6 3 2 2 2 1 1 2 5 2 1 4 3 3 3 1 4 4 2 4 3 4 3 2 3 3 2 2 2 2 3 1 5 3 1 3 4 4 3 3 2 2 2 3 3 2 1 3 3 4 3 4 2 4 3 2 5 24 1 NA NA 16 1 7 4 12 12 13 17 13 12 6 6 37 42 12 3.08333325386047 3.5 1.5 9 9 5 8 8 5 7 33 -1.34393060207367 -1.72623109817505 0.345598936080933 -1.49453663825989 -1.79638195037842 0.492969483137131 21 0
"124" 91 2014 6 2 2 1 1 1 1 3 4 3 3 4 3 3 4 4 3 3 2 3 3 2 4 3 2 3 1 3 2 2 4 2 4 3 2 3 3 3 4 4 4 3 4 5 2 3 4 3 3 4 4 4 2 3 2 2 3 20 2 2 2 4 1 4 4 12 11 10 13 13 16 12 8 33 42 20 2.75 3.5 2.5 17 12 5 6 8 6 5 30 -1.45936834812164 -0.489408224821091 1.01634836196899 -1.60921812057495 -0.587297260761261 1.16021156311035 24 0
"125" 343 2014 6 2 2 3 1 1 2 4 1 4 3 4 4 4 4 4 2 2 4 5 3 2 4 3 4 4 2 3 3 4 5 4 5 2 2 4 4 3 5 3 3 4 5 3 2 4 4 4 4 4 4 4 2 4 5 3 3 21 1 NA NA 0 2 6 5 12 14 13 12 16 18 15 11 39 46 26 3.25 3.83333325386047 3.25 15 13 6 7 8 7 9 37 -0.821843981742859 0.148810431361198 1.52546977996826 -1.00605940818787 0.08190018683672 1.5856294631958 24 0
"126" 344 2014 6 3 1 3 1 1 1 5 3 5 4 4 4 3 3 4 2 4 3 2 4 3 2 3 3 4 4 3 4 2 3 2 5 3 1 2 4 5 5 5 5 4 4 4 2 4 4 1 2 1 2 2 1 1 1 1 2 26 2 NA NA 12 1 7 3 16 15 14 13 11 13 14 12 45 37 26 3.75 3.08333325386047 3.25 17 15 2 4 3 3 2 14 0.382500648498535 -0.059719204902649 0.389981031417847 0.333479434251785 -0.066051438450813 0.373903125524521 0 3
"127" 345 2014 6 4 1 1 1 1 1 4 3 5 3 2 5 5 4 2 2 5 4 2 5 4 2 3 1 4 2 2 5 4 4 1 2 5 1 1 5 5 5 4 5 5 3 4 4 5 4 3 4 4 3 4 1 3 1 3 4 28 1 NA NA 18 1 6 3 19 20 18 8 7 15 10 10 57 30 20 4.75 2.5 2.5 15 19 4 8 8 6 4 30 1.80686855316162 -0.80033940076828 -0.125713586807251 1.73849058151245 -0.708497285842896 -0.320427656173706 0 3
"128" 222 2014 6 3 2 2 1 1 1 4 2 4 3 3 5 4 3 4 1 4 4 3 4 3 3 5 1 5 4 3 4 3 4 2 4 4 3 3 3 5 5 4 5 4 4 5 3 3 3 3 4 3 1 3 1 3 2 1 4 20 2 1 5 20 1 6 4 17 15 16 8 12 15 15 14 48 35 29 4 2.91666674613953 3.625 16 15 4 8 6 2 5 25 0.486930072307587 0.718237936496735 0.652388036251068 0.451998293399811 0.735854923725128 0.598067879676819 20 0
"129" 212 2014 6 2 2 1 1 1 2 4 2 4 4 2 3 4 2 4 1 3 3 1 4 2 3 3 1 4 5 1 4 4 2 4 5 4 4 1 3 4 5 2 4 4 3 4 1 3 4 2 3 3 4 4 1 3 2 4 3 20 2 1 5 16 1 4 5 15 15 13 9 5 12 15 16 43 26 31 3.58333325386047 2.16666674613953 3.875 13 12 3 6 7 8 5 29 -0.356554090976715 1.08588910102844 -0.962910294532776 -0.175034537911415 1.08084690570831 -0.917622983455658 19 2
"130" 109 2014 6 4 1 1 1 1 1 4 1 4 3 2 4 5 1 4 1 4 5 2 5 3 1 3 1 4 4 2 5 3 1 4 2 4 4 2 4 4 4 3 5 4 4 5 5 5 4 3 5 4 3 4 3 3 5 4 5 31 1 1 3 32 1 6 3 16 19 14 5 8 7 15 16 49 20 31 4.08333349227905 1.66666662693024 3.875 16 19 6 10 8 7 8 39 0.404220461845398 1.08672857284546 -1.88662171363831 0.6913001537323 1.14370334148407 -1.89706242084503 30 0
"131" 68 2014 6 4 1 1 1 1 1 2 1 5 2 3 4 5 2 4 1 4 2 2 5 3 3 2 1 4 2 3 4 3 2 3 2 5 2 2 4 5 3 3 5 4 4 3 4 5 4 2 5 5 5 5 1 3 2 3 5 20 2 1 6 10 1 6 3 18 18 15 5 10 10 11 8 51 25 19 4.25 2.08333325386047 2.375 14 18 3 10 10 8 5 36 0.846103668212891 -0.542672216892242 -0.985288023948669 0.91065514087677 -0.477842748165131 -1.06805074214935 22 0
"132" 259 2014 6 3 2 3 2 1 1 4 1 4 4 4 3 4 3 4 1 4 3 2 5 3 4 3 1 5 1 3 3 2 4 3 5 3 2 2 3 2 4 2 4 3 2 4 1 3 3 2 4 2 4 2 2 2 5 2 4 22 2 1 3 18 1 8 4 16 15 10 8 11 15 14 10 41 34 24 3.41666674613953 2.83333325386047 3 11 11 4 8 4 6 7 29 -0.212428197264671 -0.012040444649756 0.562533736228943 -0.275059551000595 -0.040425825864077 0.573591411113739 16 0
"133" 231 2014 6 5 1 2 1 1 2 4 2 4 4 4 2 3 2 4 3 2 2 4 4 2 4 4 2 4 3 4 4 2 4 4 4 2 2 4 4 4 4 2 4 3 4 4 2 3 4 2 2 2 1 2 2 2 2 2 4 22 2 1 4 8 1 8 4 12 15 10 11 16 14 16 11 37 41 27 3.08333325386047 3.41666674613953 3.375 14 12 4 6 4 3 4 21 -0.968520104885101 0.229281306266785 0.942095577716827 -1.08010363578796 0.154554188251495 1.0338180065155 16 0
"134" 176 2014 6 4 2 2 2 2 2 3 4 4 2 4 3 4 4 2 2 3 4 4 4 4 3 3 2 3 3 2 3 3 4 3 3 3 2 3 4 4 5 3 4 4 4 5 3 4 5 2 3 4 3 3 2 3 4 3 4 21 1 1 3 16 1 8 6 13 15 14 11 13 16 11 11 42 40 22 3.5 3.33333325386047 2.75 17 15 4 7 7 6 7 31 -0.414600402116776 -0.438888251781464 0.549935460090637 -0.520174980163574 -0.460286796092987 0.589911639690399 19 0
"135" 229 2014 6 2 2 1 1 1 1 4 2 5 4 4 3 5 5 4 3 5 4 2 4 2 4 5 2 4 1 4 4 3 5 1 4 4 2 2 4 4 5 3 4 4 4 4 3 3 4 1 4 3 1 3 1 1 5 1 4 20 2 1 3 10 1 4 4 18 17 12 11 12 19 14 11 47 42 25 3.91666674613953 3.5 3.125 15 14 2 8 6 2 6 24 0.868828654289246 0.028300220146775 1.7191743850708 0.65558660030365 0.043655719608068 1.61132860183716 0 3
"136" 217 2014 6 3 1 1 1 1 1 5 2 4 4 2 3 2 2 4 2 4 4 4 4 4 2 5 1 2 5 2 4 4 2 5 5 4 4 2 4 5 5 1 4 4 2 4 2 4 2 4 4 5 4 5 2 3 5 4 4 22 1 1 5 12 1 5 3 14 14 16 10 10 11 19 17 44 31 36 3.66666674613953 2.58333325386047 4.5 9 14 6 8 10 8 8 40 -0.414660453796387 1.44625461101532 -0.555929839611053 -0.243713140487671 1.43008577823639 -0.501680314540863 30 0
"137" 115 2014 6 4 1 2 1 1 1 4 1 5 4 3 3 5 4 4 1 5 2 2 5 4 4 3 1 4 1 4 5 4 4 1 4 3 2 2 4 4 4 4 5 4 4 4 5 5 2 2 5 4 1 4 2 2 4 2 5 21 2 1 4 10 1 7 3 17 19 15 7 11 16 12 9 51 34 21 4.25 2.83333325386047 2.625 14 19 4 10 8 3 6 31 1.16547966003418 -0.478111088275909 0.44461327791214 1.06236147880554 -0.425152003765106 0.308118760585785 23 1
"138" 17 2014 6 3 2 2 1 1 1 2 3 5 3 4 4 5 4 3 2 4 2 2 5 4 4 4 2 4 1 2 4 4 4 5 5 4 2 3 4 4 5 4 5 3 4 5 1 5 4 2 3 4 1 3 1 3 1 1 4 21 2 1 3 10 1 6 4 17 18 16 12 11 17 14 8 51 40 22 4.25 3.33333325386047 2.75 17 14 3 7 7 2 4 23 0.996469080448151 -0.562897741794586 1.04226887226105 0.8062744140625 -0.509901702404022 0.931188464164734 19 0
"139" 84 2014 6 2 2 2 1 1 1 3 3 5 3 3 3 4 4 4 2 4 3 2 5 4 5 5 1 4 2 2 3 3 3 4 5 5 2 2 3 3 4 3 4 4 5 5 2 4 3 2 3 2 5 2 3 2 3 3 3 21 2 2 4 4 1 5 4 18 15 13 11 9 16 16 10 46 36 26 3.83333325386047 3 3.25 16 14 5 6 4 8 5 28 0.331503093242645 -0.003523390740156 0.631155431270599 0.251789122819901 0.004027280025184 0.582477867603302 18 2
"140" 99 2014 6 5 1 1 1 1 1 5 3 5 5 2 3 4 2 5 5 5 5 1 5 5 4 1 4 5 2 1 5 5 2 5 5 5 5 1 1 5 1 5 1 1 5 1 1 1 1 3 5 5 4 5 1 2 5 2 5 21 2 1 6 16 1 7 3 20 15 18 17 5 9 16 17 53 31 33 4.41666650772095 2.58333325386047 4.125 12 4 4 10 10 6 7 37 0.961162507534027 1.36493408679962 -0.43365752696991 1.09892880916596 1.43118226528168 -0.573089122772217 28 0
"141" 81 2014 6 3 1 3 2 1 1 4 2 4 2 2 3 4 2 4 2 4 2 2 4 3 2 4 1 3 2 2 2 4 2 5 5 4 4 2 3 4 5 4 4 4 2 5 2 3 4 3 4 4 1 4 1 2 2 2 3 20 2 1 4 12 1 8 3 15 13 14 10 8 11 17 10 42 29 27 3.5 2.41666674613953 3.375 15 13 4 7 8 3 4 26 -0.424677670001984 0.465384989976883 -0.511710226535797 -0.318627297878265 0.465771377086639 -0.452027380466461 21 0
"142" 21 2014 6 2 1 1 1 1 1 4 2 5 2 5 4 5 2 2 4 4 4 2 5 1 4 3 1 5 4 5 2 2 4 1 5 2 2 5 4 4 4 4 5 2 4 4 4 4 3 2 4 4 1 4 1 2 1 1 4 21 2 1 3 16 1 4 3 16 16 11 12 17 14 10 12 43 43 22 3.58333325386047 3.58333325386047 2.75 15 15 3 8 8 2 3 24 0.289117395877838 -0.172820419073105 1.41212892532349 0.121516264975071 -0.172760263085365 1.37311029434204 19 0
"143" 69 2014 6 3 1 2 1 1 1 5 1 4 4 2 4 4 1 4 1 4 4 2 4 2 2 3 1 5 4 2 2 3 2 5 4 4 4 2 4 4 5 4 4 4 4 4 3 5 5 4 4 4 2 4 1 4 2 1 4 25 2 1 4 26 1 6 3 17 14 13 7 8 10 17 16 44 25 33 3.66666674613953 2.08333325386047 4.125 17 16 5 8 8 3 6 30 -0.182998955249786 1.35639727115631 -0.812597036361694 0.030961593613029 1.35526633262634 -0.782507419586182 27 0
"144" 346 2014 6 4 2 3 2 1 1 4 3 4 4 3 4 5 3 4 2 4 2 3 4 5 2 2 1 4 2 3 4 4 2 4 5 4 2 4 5 4 2 1 5 2 2 3 3 5 3 3 3 2 3 4 2 3 4 3 2 27 2 NA NA 16 1 9 4 16 18 17 11 13 9 14 10 51 33 24 4.25 2.75 3 9 15 5 5 6 6 7 29 0.585966646671295 -0.218504846096039 -0.532834231853485 0.613216876983643 -0.186473429203033 -0.589181900024414 0 3
"145" 347 2014 6 1 1 1 1 2 1 4 4 3 5 4 4 3 4 4 3 4 4 5 4 4 3 4 4 4 5 4 3 4 4 3 4 5 4 4 3 4 4 5 4 4 4 4 2 2 5 4 4 3 4 3 2 3 3 3 3 20 2 NA NA 12 1 3 4 16 13 16 15 17 15 15 18 45 47 33 3.75 3.91666674613953 4.125 18 12 6 7 6 7 6 32 -0.148534178733826 1.32553470134735 1.42157065868378 -0.236454337835312 1.29186546802521 1.41981196403503 0 3
"146" 79 2014 6 3 2 1 1 1 1 4 4 3 2 3 2 2 5 4 5 2 3 4 2 2 5 4 2 3 3 5 1 2 5 2 5 2 4 4 2 2 5 5 4 2 5 5 1 1 5 3 4 3 2 3 2 2 3 2 4 21 1 1 4 28 1 5 4 10 7 8 16 16 20 14 12 25 52 26 2.08333325386047 4.33333349227905 3.25 20 8 5 8 6 4 5 28 -2.65370893478394 0.455726325511932 2.01681852340698 -2.83801651000977 0.297804087400436 2.26152944564819 24 0
"147" 102 2014 6 3 1 2 1 1 1 3 2 4 3 2 4 4 2 3 2 5 3 2 5 4 4 3 2 5 2 2 5 4 3 4 5 3 2 2 4 4 4 3 5 4 4 5 2 4 4 1 4 4 3 4 1 3 3 2 4 24 2 1 4 14 1 6 3 17 18 16 11 8 13 13 10 51 32 23 4.25 2.66666674613953 2.875 16 15 2 8 8 5 6 29 0.70654571056366 -0.375204592943192 -0.11217650026083 0.686732113361359 -0.328118592500687 -0.191079676151276 21 0
"148" 187 2014 6 4 1 2 1 1 1 3 3 4 2 4 3 4 2 3 2 5 4 2 4 2 4 4 1 4 2 4 3 2 2 4 4 4 1 3 4 4 5 5 5 4 3 5 2 3 5 2 3 2 4 2 2 1 3 4 1 20 2 1 4 16 1 7 3 17 15 11 10 13 13 14 9 43 36 23 3.58333325386047 3 2.875 18 14 4 4 4 8 4 24 0.017588982358575 -0.318960607051849 0.374019831418991 -0.035985969007015 -0.327938407659531 0.404554158449173 20 0
"149" 183 2014 6 4 3 4 5 4 5 3 1 5 3 4 4 4 2 3 2 4 3 2 4 2 4 2 1 4 2 2 4 4 4 1 4 4 2 1 4 5 5 5 5 3 3 4 3 5 4 2 4 4 3 4 2 3 3 2 4 21 1 1 5 18 1 13 12 17 16 15 8 9 15 9 10 48 32 19 4 2.66666674613953 2.375 16 16 4 8 8 5 6 31 0.595058619976044 -0.431148380041122 0.347274839878082 0.515524506568909 -0.405707269906998 0.27156525850296 28 0
"150" 153 2014 6 3 2 2 1 1 1 4 1 4 4 3 3 4 2 4 1 4 4 2 4 4 2 3 1 3 4 3 4 2 1 5 5 3 3 2 4 1 3 3 4 4 4 4 4 4 3 1 2 3 2 4 1 1 1 1 3 20 2 1 6 8 1 6 4 14 16 10 8 10 8 16 15 40 26 31 3.33333325386047 2.16666674613953 3.875 14 16 2 5 7 3 2 19 -0.755409598350525 0.799987137317657 -1.4607697725296 -0.515997648239136 0.774706363677979 -1.35427820682526 12 0
"151" 100 2014 6 3 4 3 2 1 1 4 3 4 1 2 2 4 3 4 2 4 2 2 5 4 3 2 1 4 2 3 2 1 2 1 5 4 1 3 4 4 3 1 4 4 3 4 2 5 2 2 3 1 2 1 2 1 5 1 2 20 2 1 4 8 1 8 6 16 15 11 11 10 11 11 6 42 32 17 3.5 2.66666674613953 2.125 10 15 4 5 2 3 6 20 -0.27535218000412 -1.10817432403564 -0.523373544216156 -0.277861386537552 -1.11994707584381 -0.486281275749207 21 0
"152" 188 2014 6 3 2 2 2 1 2 5 1 4 4 2 2 4 1 4 1 3 4 3 4 2 3 3 1 4 4 4 2 2 2 5 3 4 3 2 3 4 4 4 4 4 4 3 3 4 4 3 4 4 5 4 2 4 3 4 5 18 2 1 5 14 1 7 5 15 13 10 6 11 10 17 15 38 27 32 3.16666674613953 2.25 4 15 15 5 9 8 9 7 38 -0.883047461509705 1.16146326065063 -0.782020151615143 -0.69400429725647 1.10857927799225 -0.690638542175293 28 0
"153" 73 2014 6 3 2 2 3 1 2 4 3 4 4 2 2 4 2 4 2 4 3 2 4 3 2 3 2 4 2 4 3 4 2 5 4 3 1 3 4 4 4 2 5 5 5 5 3 4 2 3 4 4 5 3 1 4 2 4 4 21 2 3 5 16 1 8 5 15 15 13 11 11 10 16 10 43 32 26 3.58333325386047 2.66666674613953 3.25 14 17 4 8 7 9 6 34 -0.18706801533699 -0.052171975374222 -0.419431090354919 -0.136278882622719 -0.077570416033268 -0.377206206321716 31 0
"154" 65 2014 6 4 1 1 1 1 1 3 4 4 2 4 4 3 2 3 4 4 2 3 4 2 4 2 2 3 3 1 3 3 4 5 5 3 1 2 4 4 5 3 4 4 3 5 3 4 5 1 4 4 5 4 4 2 4 5 4 19 2 1 4 4 1 6 3 14 14 13 15 10 15 13 8 41 40 21 3.41666674613953 3.33333325386047 2.625 16 15 5 8 8 10 6 37 -0.437931180000305 -0.700328826904297 0.824325501918793 -0.579890608787537 -0.735567390918732 0.859283566474915 18 1
"155" 83 2014 6 4 1 2 1 1 1 4 5 5 3 4 3 5 3 3 4 5 3 1 5 3 1 4 5 4 2 2 5 4 3 2 5 5 1 5 5 2 4 4 5 3 5 5 4 4 5 3 4 4 3 4 1 2 2 3 3 21 2 1 3 18 1 7 3 19 20 12 19 12 11 13 9 51 42 22 4.25 3.5 2.75 19 16 4 7 8 6 4 29 1.29856622219086 -0.682055056095123 0.79059362411499 1.12300658226013 -0.63042426109314 0.691359281539917 25 0
"156" 166 2014 6 2 3 3 1 1 2 4 2 5 4 3 2 3 2 4 1 4 4 3 3 4 3 4 1 4 3 2 2 4 4 5 5 2 4 3 2 4 4 2 4 3 4 4 2 2 4 2 4 2 4 2 1 2 1 1 4 20 2 1 3 26 1 6 6 15 10 14 9 11 13 17 15 39 33 32 3.25 2.75 4 14 11 3 8 4 5 3 23 -0.743397176265717 1.11962628364563 0.371867030858994 -0.670952498912811 1.0782436132431 0.430931270122528 19 0
"157" 111 2014 6 2 1 2 1 1 1 3 2 4 3 4 5 4 1 4 1 4 3 2 5 4 1 2 1 4 2 2 4 4 2 4 2 5 3 2 5 5 4 4 4 3 5 5 4 5 5 4 4 5 4 4 3 4 4 4 5 21 1 1 5 10 1 5 3 17 18 18 6 10 8 13 11 53 24 24 4.41666650772095 2 3 19 16 7 9 9 8 8 41 0.830658376216888 0.192805215716362 -1.1375994682312 0.960534512996674 0.259115993976593 -1.19831931591034 21 0
"158" 135 2014 6 4 3 2 2 1 1 4 3 4 4 3 3 4 2 2 2 3 2 2 4 3 3 4 1 3 2 2 3 3 4 5 4 3 4 3 3 3 5 3 4 4 3 4 4 3 4 2 4 3 3 3 1 2 2 3 4 20 2 1 4 14 1 8 5 13 14 12 10 10 14 15 12 39 34 27 3.25 2.83333325386047 3.375 14 15 3 8 6 6 4 27 -0.650331735610962 0.407314479351044 0.291016131639481 -0.664679527282715 0.379880726337433 0.349297851324081 16 0
"159" 53 2014 6 2 1 2 3 1 1 4 5 5 4 3 4 5 5 4 1 4 2 2 4 2 5 3 5 4 4 2 2 4 5 5 1 4 5 3 4 5 5 5 5 4 5 5 3 4 4 1 5 5 4 5 1 3 2 4 5 21 2 1 3 8 1 7 3 17 15 15 12 10 20 16 15 47 42 31 3.91666674613953 3.5 3.875 19 16 2 10 10 8 5 35 0.538170278072357 0.933816850185394 1.35551154613495 0.440243154764175 0.965207695960999 1.25478303432465 7 3
"160" 348 2014 6 4 2 3 1 2 2 4 3 4 2 1 4 4 2 3 1 4 4 2 4 4 2 4 1 3 1 4 3 4 3 5 5 4 3 2 3 2 4 5 5 4 4 5 4 4 2 4 5 3 2 4 2 3 4 2 5 20 2 NA NA 4 1 8 6 15 14 14 10 9 11 16 10 43 30 26 3.58333325386047 2.5 3.25 16 17 6 10 7 4 7 34 -0.352888464927673 0.167300224304199 -0.583124756813049 -0.269279956817627 0.165635600686073 -0.547363638877869 21 0
"161" 55 2014 6 3 2 3 1 1 1 4 5 5 4 3 3 5 2 4 1 5 2 2 5 5 3 4 4 5 2 2 4 3 4 5 4 4 2 3 5 5 5 3 5 4 4 4 4 5 3 2 5 4 4 4 1 3 2 2 5 18 2 1 5 18 1 7 4 19 19 16 14 10 14 17 10 54 38 27 4.5 3.16666674613953 3.375 14 18 3 10 8 6 5 32 1.47850906848907 -0.094542324542999 0.849029779434204 1.35639882087707 -0.026606492698193 0.694960474967957 17 0
"162" 242 2014 6 2 3 2 2 1 2 4 1 5 3 2 3 2 4 3 3 4 5 4 4 3 3 5 1 3 5 4 3 4 4 5 5 3 3 1 4 5 5 5 4 3 5 5 3 4 5 3 4 4 3 2 4 2 5 3 3 22 1 1 5 22 1 6 6 15 13 15 10 11 16 17 16 43 37 33 3.58333325386047 3.08333325386047 4.125 20 14 7 7 6 6 7 33 -0.415712058544159 0.932397127151489 0.425889015197754 -0.378945261240005 0.907686352729797 0.444788575172424 22 2
"163" 43 2014 6 4 1 2 1 1 1 4 2 5 4 4 3 4 3 4 2 4 4 3 4 3 4 3 1 2 3 3 3 4 3 4 3 4 2 3 4 4 4 4 3 3 4 5 3 4 3 2 4 3 4 2 3 3 5 3 4 22 2 1 5 20 1 7 3 15 15 14 8 13 14 15 13 44 35 28 3.66666674613953 2.91666674613953 3.5 16 13 5 8 5 7 8 33 0.071386776864529 0.443967998027802 0.288705974817276 0.066640742123127 0.428630113601685 0.269963651895523 18 0
"164" 349 2014 6 3 2 2 3 1 1 2 3 3 2 3 2 2 4 3 3 2 1 3 3 4 5 2 2 3 1 1 1 2 5 4 5 1 1 2 5 3 2 2 5 3 5 3 2 3 4 2 3 4 5 3 3 3 5 4 3 24 1 NA NA 0 1 8 4 9 11 11 13 9 16 11 5 31 38 16 2.58333325386047 3.16666674613953 2 14 13 5 6 7 9 8 35 -2.32915616035461 -1.45677399635315 0.356495648622513 -2.45089650154114 -1.58299362659454 0.545868277549744 25 0
"165" 160 2014 6 2 1 1 1 1 1 2 2 4 4 3 3 5 2 4 1 4 4 3 5 4 2 3 2 4 4 1 4 4 2 5 4 4 3 3 4 5 5 4 5 4 3 5 3 5 4 2 4 4 4 4 2 3 3 2 4 19 2 1 5 12 1 4 3 16 18 16 9 10 11 14 15 50 30 29 4.16666650772095 2.5 3.625 16 17 4 8 8 6 6 32 0.526883065700531 0.650498032569885 -0.622354030609131 0.631358325481415 0.690813720226288 -0.657088875770569 24 0
"166" 61 2014 6 3 1 2 1 1 1 4 3 4 4 4 3 3 4 4 3 4 2 4 4 2 4 3 3 3 2 4 2 3 5 5 5 4 3 3 3 4 4 5 4 4 5 5 3 3 5 3 3 4 4 3 1 3 2 4 4 20 2 1 5 10 1 6 3 15 12 12 14 15 17 16 11 39 46 27 3.25 3.83333325386047 3.375 20 14 4 7 7 8 5 31 -0.578784823417664 0.361428439617157 1.66090667247772 -0.746053397655487 0.305726408958435 1.68447875976562 23 0
"167" 41 2014 6 2 4 4 5 5 4 2 2 4 1 2 3 4 1 2 2 3 3 2 5 2 2 3 4 4 2 4 3 2 2 4 5 4 1 4 5 4 4 2 5 3 3 4 3 3 4 1 4 2 4 3 1 2 2 1 4 21 2 1 5 8 1 11 13 15 17 11 13 12 9 11 7 43 34 18 3.58333325386047 2.83333325386047 2.25 13 14 2 8 5 5 4 24 -0.315176278352737 -1.01325058937073 -0.57150012254715 -0.328528881072998 -1.01531744003296 -0.511580765247345 0 3
"168" 35 2014 6 5 1 2 1 1 1 2 4 5 2 2 4 4 2 2 1 5 1 2 4 5 2 2 4 4 2 1 4 4 2 4 4 4 2 2 5 4 1 1 5 4 4 2 2 5 2 2 4 2 4 2 2 2 4 4 2 20 2 1 5 2 1 8 3 18 17 17 13 7 7 10 7 52 27 17 4.33333349227905 2.25 2.125 9 16 4 6 4 8 6 28 0.645889520645142 -1.26772224903107 -1.31115460395813 0.717209696769714 -1.198237657547 -1.37661695480347 23 0
"169" 66 2014 6 3 1 3 3 1 1 5 3 5 5 5 3 5 2 4 4 3 4 4 5 2 2 4 1 3 5 5 5 4 2 5 5 3 5 5 5 4 3 3 5 4 5 5 1 4 2 1 1 2 3 3 1 2 1 1 2 17 2 1 8 28 1 9 3 14 20 13 13 19 9 18 19 47 41 37 3.91666674613953 3.41666674613953 4.625 15 14 2 3 5 4 3 17 0.357237607240677 1.81028938293457 0.310786008834839 0.412018984556198 1.83441579341888 0.284684300422668 26 0
"170" 150 2014 6 4 3 4 2 2 4 5 5 3 3 4 3 4 5 3 2 2 3 2 2 3 5 3 1 2 1 4 4 2 4 1 4 1 1 4 4 2 5 5 4 4 5 5 3 3 5 1 3 3 1 3 1 2 1 1 3 19 1 1 5 12 1 10 9 8 14 10 12 14 19 12 8 32 45 20 2.66666674613953 3.75 2.5 20 14 2 6 6 2 3 19 -1.49320828914642 -0.829292118549347 1.02965891361237 -1.6956512928009 -0.934976518154144 1.18970513343811 12 2
"171" 173 2014 6 4 1 2 1 1 1 4 2 5 2 2 1 4 2 2 1 4 1 2 5 3 2 2 1 4 2 1 4 2 1 1 4 3 2 1 4 4 2 1 5 4 3 3 4 5 2 2 4 4 5 4 2 3 2 2 4 23 2 1 NA 18 1 7 3 16 17 10 8 6 7 9 7 43 21 16 3.58333325386047 1.75 2 9 18 4 8 8 7 5 32 -0.131660059094429 -1.17831683158874 -1.86307525634766 0.01623447984457 -1.15432214736938 -1.82644164562225 0 3
"172" 32 2014 6 2 2 2 1 1 1 4 2 5 2 2 3 3 4 3 3 2 3 2 3 3 4 3 2 3 2 2 2 3 4 4 5 3 2 2 3 4 4 4 3 3 3 4 2 4 4 4 4 3 5 3 3 1 4 4 4 20 2 1 4 30 1 5 4 13 11 13 12 8 16 14 9 37 36 23 3.08333325386047 3 2.875 15 12 7 8 6 9 5 35 -1.08004105091095 -0.365209192037582 0.293967247009277 -1.13283228874206 -0.424884974956512 0.373871445655823 32 0
"173" 70 2014 6 3 1 2 1 1 1 3 2 5 2 3 3 5 3 2 1 5 2 2 5 4 3 4 1 2 2 2 4 2 4 3 4 3 4 2 3 4 4 1 1 3 3 1 4 2 3 1 3 2 4 2 1 2 2 4 3 20 2 1 5 16 1 6 3 15 17 13 8 9 14 12 10 45 31 22 3.75 2.58333325386047 2.75 8 10 2 6 4 8 4 24 0.354634821414948 -0.300826370716095 -0.101981364190578 0.34513047337532 -0.249012172222137 -0.152488827705383 22 2
"174" 113 2014 6 4 2 2 2 1 1 4 2 5 4 3 4 5 4 4 1 5 2 3 4 4 3 3 2 4 1 1 3 3 4 5 4 4 4 2 3 5 4 2 5 3 4 4 3 5 5 2 3 5 4 5 4 3 4 4 4 25 2 1 5 2 1 8 4 18 15 16 9 9 15 16 11 49 33 27 4.08333349227905 2.75 3.375 15 16 6 7 10 8 7 38 0.754408657550812 0.345838725566864 0.413003712892532 0.734943687915802 0.39560803771019 0.309884548187256 0 3
"175" 51 2014 6 3 1 1 2 1 1 3 1 4 4 4 3 5 3 4 2 5 4 2 5 5 4 4 3 2 3 4 5 5 4 5 5 5 5 4 5 1 4 4 4 3 4 2 2 4 4 2 2 4 3 2 1 3 1 1 2 20 2 1 4 16 1 6 3 16 20 14 11 14 15 16 16 50 40 32 4.16666650772095 3.33333325386047 4 14 13 3 4 6 4 4 21 0.547733902931213 1.17203450202942 0.622503042221069 0.522553861141205 1.21516644954681 0.543683171272278 20 0
"176" 64 2014 6 4 1 2 1 1 1 2 4 5 2 2 4 4 2 2 1 5 1 2 4 4 2 5 2 5 1 4 3 2 4 5 4 4 1 2 5 5 5 2 4 3 3 5 2 4 4 1 4 4 4 4 1 1 4 2 4 20 2 1 4 14 1 7 3 19 16 15 11 10 13 14 5 50 34 19 4.16666650772095 2.83333325386047 2.375 14 13 2 8 8 6 5 29 0.824031352996826 -1.16465425491333 0.374450325965881 0.70825183391571 -1.11625564098358 0.300070583820343 21 0
"177" 165 2014 6 3 2 1 1 1 1 5 1 4 3 5 3 3 2 4 1 4 3 3 3 3 3 3 1 5 3 4 1 3 3 5 5 3 5 3 2 5 5 3 4 3 5 5 3 4 3 1 4 1 3 1 1 1 1 2 4 19 2 1 4 20 1 5 4 16 9 14 8 15 13 17 14 39 36 31 3.25 3 3.875 16 14 2 8 2 5 2 19 -0.75401109457016 1.34052121639252 0.668174564838409 -0.700045466423035 1.30622673034668 0.755424559116364 23 0
"178" 59 2014 6 4 1 1 1 1 1 5 2 5 5 4 4 5 2 5 2 5 2 3 5 4 2 2 1 4 2 2 3 3 4 4 5 3 2 2 4 4 5 4 4 4 2 5 3 4 4 2 4 2 1 2 1 2 1 1 4 19 2 1 5 10 1 6 3 17 17 15 10 11 13 16 11 49 34 27 4.08333349227905 2.83333325386047 3.375 15 15 3 8 4 2 3 20 0.988764047622681 0.241629675030708 0.586436748504639 0.939208388328552 0.270547151565552 0.476658850908279 20 0
"179" 148 2014 6 4 1 3 3 2 2 2 4 4 2 2 2 2 2 3 1 4 1 4 4 4 4 2 2 2 2 2 1 2 4 1 5 2 1 3 4 4 5 2 4 2 4 5 3 4 5 4 4 4 5 4 4 4 5 4 4 22 2 1 4 6 1 10 5 12 11 12 12 11 15 8 6 35 38 14 2.91666674613953 3.16666674613953 1.75 16 13 8 8 8 9 9 42 -1.23466145992279 -1.46271562576294 0.394765883684158 -1.34641444683075 -1.53837704658508 0.511111617088318 28 0
"180" 124 2014 6 4 3 2 2 2 1 3 5 4 2 3 3 4 1 4 2 4 4 2 4 3 4 2 2 5 2 3 4 4 3 5 2 3 2 2 4 4 4 2 4 4 3 3 3 4 4 2 4 5 5 5 1 5 5 5 4 35 1 1 4 14 1 8 6 16 16 14 11 10 12 14 10 46 33 24 3.83333325386047 2.75 3 12 15 3 8 10 10 10 41 0.03123065829277 -0.07934132963419 -0.097553253173828 0.036845084279776 -0.070071406662464 -0.098628118634224 31 0
"181" 38 2014 6 3 1 2 2 1 2 4 2 5 4 2 2 4 2 2 4 4 1 2 4 4 4 4 5 4 1 4 2 2 4 4 5 2 1 2 1 4 5 2 4 5 4 5 4 5 5 2 5 5 4 4 2 4 2 4 5 18 2 1 4 10 1 7 4 15 11 12 16 10 15 14 7 38 41 21 3.16666674613953 3.41666674613953 2.625 16 18 4 10 9 8 6 37 -0.300754517316818 -0.815316081047058 1.26563417911529 -0.490214228630066 -0.860920369625092 1.28255867958069 18 0
"182" 149 2014 6 3 2 2 1 1 1 4 2 5 4 4 4 4 2 3 2 4 2 2 4 2 3 3 2 4 1 4 3 2 4 2 3 3 2 3 2 4 5 5 5 4 5 5 2 3 4 4 4 4 4 4 2 3 4 4 3 19 2 1 3 14 2 6 4 16 13 12 9 13 14 12 9 41 36 21 3.41666674613953 3 2.625 19 14 6 7 8 8 7 36 0.153110593557358 -0.284726589918137 0.878473877906799 0.033612128347158 -0.298467069864273 0.867029786109924 30 0
"183" 54 2014 6 4 1 2 1 1 1 5 2 5 4 2 4 5 4 4 3 5 4 2 4 5 3 3 1 2 3 2 3 4 3 2 5 2 2 1 5 5 4 3 5 4 4 5 3 4 4 2 3 1 3 1 1 1 1 2 3 21 1 1 4 4 1 7 3 14 17 18 11 7 14 14 13 49 32 27 4.08333349227905 2.66666674613953 3.375 16 16 3 6 2 5 2 18 0.658211588859558 0.017405843362212 -0.197950005531311 0.693630754947662 0.045910231769085 -0.287098735570908 19 0
